Date,Open,High,Low,Close,Volume,Change
2020-01-02,9733,10045,9564,9950,314742,0.014684886803997488
2020-01-03,9925,11130,9925,10986,2028416,0.10412060301507542
2020-01-06,10841,11781,10625,11396,2057134,0.03732022574185323
2020-01-07,11324,11613,11131,11276,686708,-0.01053001053001057
2020-01-08,11082,11804,10552,11203,1344070,-0.0064739269244412645
2020-01-09,11468,11997,11347,11926,923786,0.06453628492368124
2020-01-10,11949,12166,11588,11998,725940,0.006037229582424919
2020-01-13,12094,12142,11179,11179,1002480,-0.0682613768961493
2020-01-14,11226,11612,11106,11179,628364,0.0
2020-01-15,11395,11395,11082,11179,267258,0.0
2020-01-16,11082,11877,10841,11854,783074,0.060381071652205076
2020-01-17,11853,11877,11323,11348,438100,-0.04268601316011478
2020-01-20,11348,11541,11203,11276,401700,-0.006344730348960215
2020-01-21,11322,11467,11106,11251,182126,-0.0022170982617949475
2020-01-22,11324,13010,11251,12794,2697518,0.1371433650342191
2020-01-23,12624,13732,12552,13203,1792798,0.03196811005158673
2020-01-28,12672,13924,12455,13805,1189836,0.04559569794743612
2020-01-29,13974,14649,13444,13589,1212124,-0.015646504889532786
2020-01-30,13613,14552,13300,13854,1770794,0.01950106703951726
2020-01-31,13950,14143,12577,12577,1354304,-0.09217554496896208
2020-02-03,12287,13371,12046,12890,1227668,0.02488669794068543
2020-02-04,13395,14069,13202,14046,1948734,0.08968192397207142
2020-02-05,14479,14672,13516,13637,1855048,-0.029118610280506885
2020-02-06,13370,13418,12913,13275,1721278,-0.026545427880032224
2020-02-07,13298,13515,12624,12769,1797494,-0.03811676082862525
2020-02-10,12624,12961,12287,12408,1348588,-0.02827159526979406
2020-02-11,12407,13515,12407,13516,2079386,0.08929722759509984
2020-02-12,13419,13515,12865,12962,1383854,-0.04098845812370522
2020-02-13,13082,13347,12793,13131,885680,0.013038111402561281
2020-02-14,13251,13805,13131,13565,1313168,0.03305155738329146
2020-02-17,13636,13924,13299,13757,949806,0.014154072981938715
2020-02-18,13780,13925,13251,13444,814686,-0.022752053500036395
2020-02-19,13636,13708,12962,13179,833914,-0.019711395418030353
2020-02-20,13323,13515,12938,13396,768352,0.01646558919493124
2020-02-21,13130,13564,13034,13203,788036,-0.01440728575694239
2020-02-24,12697,12842,12239,12553,1322768,-0.04923123532530482
2020-02-25,12432,13154,12094,13131,876686,0.04604477017446018
2020-02-26,12745,13227,12697,13107,659222,-0.0018277358921635622
2020-02-27,13105,13202,12527,12528,616768,-0.044174868390936095
2020-02-28,12166,12431,11926,11926,817148,-0.0480523627075351
2020-03-02,12047,12697,11902,12577,636938,0.054586617474425614
2020-03-03,13009,13467,12817,12866,1172560,0.022978452731176047
2020-03-04,12841,13901,12769,13733,1307312,0.06738691123892426
2020-03-05,13900,14238,13539,13781,864616,0.003495230466758814
2020-03-06,13492,13661,13155,13324,676306,-0.03316159930338869
2020-03-09,12912,13033,12214,12215,1179746,-0.08323326328429903
2020-03-10,11998,12818,11902,12577,926256,0.029635693819074937
2020-03-11,12576,12744,10769,11131,1934788,-0.11497177387294266
2020-03-12,10649,10938,9420,9734,2328578,-0.12550534543167735
2020-03-13,8673,9540,8287,9324,1605338,-0.04212040271214301
2020-03-16,9637,9782,8746,8746,917588,-0.061990561990561965
2020-03-17,8191,9395,8191,9035,930104,0.03304367710953571
2020-03-18,9154,9274,8335,8408,669848,-0.0693967902600996
2020-03-19,8673,8746,6577,6939,1702866,-0.1747145575642245
2020-03-20,7372,8335,7083,7854,1925798,0.13186338089061822
2020-03-23,7227,7925,7035,7493,865118,-0.04596384008148713
2020-03-24,7926,8335,7781,8071,1408532,0.07713866275190173
2020-03-25,8552,10118,8552,9324,2553040,0.1552471812662619
2020-03-26,9419,9612,8938,9035,948848,-0.030995280995281038
2020-03-27,9636,10070,8697,9131,1615472,0.010625345877144365
2020-03-30,8793,9033,8456,8914,896678,-0.02376519548789835
2020-03-31,9202,9298,8624,8890,757484,-0.0026923939869867297
2020-04-01,8842,10455,8673,9372,2600012,0.054218222722159704
2020-04-02,9564,9925,8914,9878,974026,0.0539906103286385
2020-04-03,10263,11708,10215,11179,2660216,0.13170682324357164
2020-04-06,11709,12288,11348,11806,1871486,0.056087306556937166
2020-04-07,12166,12455,11396,11637,1351604,-0.014314755209215657
2020-04-08,12263,14696,12239,13396,7842788,0.15115579616739705
2020-04-09,14335,16864,13588,16456,14258126,0.2284263959390862
2020-04-10,15009,15660,12576,13131,11569498,-0.20205396208070003
2020-04-13,13950,14360,13227,13589,2582096,0.03487929327545514
2020-04-14,15251,15973,13998,15444,10786130,0.13650746927662083
2020-04-16,15901,17756,15106,15444,20125614,0.0
2020-04-17,15443,16045,14527,15564,4456354,0.007770007770007803
2020-04-20,15491,16334,15081,16335,5376692,0.04953739398612189
2020-04-21,15998,17081,14937,16745,8983142,0.025099479644934197
2020-04-22,16191,16528,15950,16143,2394382,-0.03595103015825618
2020-04-23,16287,16335,15540,15613,1981368,-0.03283156786223129
2020-04-24,15275,15564,14552,14625,2094964,-0.06328059950041631
2020-04-27,14793,15925,14793,15444,2712816,0.05600000000000005
2020-04-28,15660,16045,15275,15757,1592572,0.020266770266770262
2020-04-29,15997,16045,15660,15853,1373090,0.006092530303991817
2020-05-04,15323,15492,15179,15372,806456,-0.0303412603292752
2020-05-06,15613,15661,14962,15348,964766,-0.0015612802498048417
2020-05-07,15347,16021,15058,15709,1099120,0.023520979932238673
2020-05-08,16165,16358,15756,15829,1525102,0.007638933095677647
2020-05-11,15492,18551,15443,17010,13110290,0.07460989323393763
2020-05-12,17081,17226,16142,16287,2799772,-0.042504409171075785
2020-05-13,16069,17563,15901,16817,5596934,0.03254129059986499
2020-05-14,16648,17009,16214,16215,1600558,-0.03579711006719388
2020-05-15,16070,16287,15661,15878,1318294,-0.02078322540857236
2020-05-18,15733,17419,15660,16263,3652994,0.02424738632069534
2020-05-19,16406,16671,16190,16359,859760,0.005902969931746993
2020-05-20,16431,17249,16310,17106,2450136,0.04566293783238584
2020-05-21,17418,17731,17057,17130,2009608,0.00140301648544372
2020-05-22,17154,17467,16769,17468,1599638,0.019731465265615977
2020-05-25,17973,18647,17587,18407,4826702,0.05375543851614384
2020-05-26,18624,20335,18432,19444,7200720,0.05633726299777253
2020-05-27,19828,19972,19274,19660,1703230,0.011108825344579243
2020-05-28,19780,20141,17973,19010,2805438,-0.03306205493387593
2020-05-29,18696,19924,18672,19925,1960554,0.048132561809573815
2020-06-01,19997,21587,19660,20624,3265330,0.035081555834378886
2020-06-02,20961,21323,20648,21034,1499098,0.01987975174553913
2020-06-03,19394,20478,19274,19660,3150138,-0.06532281068745838
2020-06-04,19492,19492,18528,18697,1956618,-0.04898270600203458
2020-06-05,18600,19877,18576,19709,1639126,0.054126330427341385
2020-06-08,19756,19780,19033,19275,984470,-0.0220203967730479
2020-06-09,19322,19370,18817,19106,835206,-0.008767833981841777
2020-06-10,19033,20262,18503,19106,2763740,0.0
2020-06-11,19323,20093,19178,19371,2296854,0.01386998848529264
2020-06-12,18552,21707,18118,20359,8476332,0.051004078261318364
2020-06-15,21225,21346,17347,18480,2876400,-0.09229333464315537
2020-06-16,19130,19757,18624,19444,1971120,0.05216450216450208
2020-06-17,19418,19659,18576,18793,1155706,-0.03348076527463484
2020-06-18,18551,19033,17973,18094,1058374,-0.03719470015431281
2020-06-19,18311,18721,17588,18215,1313790,0.006687299657345047
2020-06-22,18093,18310,17467,17781,698500,-0.023826516607191928
2020-06-23,17950,18745,17685,17926,1558578,0.008154771947584516
2020-06-24,17925,18141,17612,17805,972644,-0.006749972107553237
2020-06-25,17492,17588,17106,17155,650054,-0.03650659926986799
2020-06-26,17275,17420,16673,16938,572050,-0.012649373360536287
2020-06-29,16624,16720,15925,16215,758210,-0.04268508678710592
2020-06-30,16359,16576,15998,16143,496352,-0.004440333024976928
2020-07-01,16118,16648,15901,15950,463588,-0.011955646410208742
2020-07-02,16094,19033,15829,18263,4637106,0.1450156739811912
2020-07-03,17322,17828,16672,16817,1724714,-0.07917647703006081
2020-07-06,16864,17129,16093,16600,802662,-0.012903609442825759
2020-07-07,16720,17105,16142,16191,978968,-0.024638554216867448
2020-07-08,16503,16624,15829,16191,917982,0.0
2020-07-09,16191,17155,15853,17155,1475418,0.05953925020072881
2020-07-10,16962,16986,16528,16673,524924,-0.028096764791605944
2020-07-13,16672,17129,16431,16721,765796,0.0028789060157139446
2020-07-14,16769,16817,16335,16384,451486,-0.02015429699180671
2020-07-15,16672,16960,16383,16841,510266,0.02789306640625
2020-07-16,16840,17466,16648,17347,1055762,0.030045721750489918
2020-07-17,17708,17828,17395,17757,782064,0.023635210699256337
2020-07-20,17998,18022,17396,17685,472788,-0.0040547389761783625
2020-07-21,17949,18358,17564,17829,1396682,0.008142493638676918
2020-07-22,17853,17901,17444,17444,499576,-0.021594032194738877
2020-07-23,17420,17468,16986,17444,533182,0.0
2020-07-24,17154,17587,17057,17347,454178,-0.005560651226782842
2020-07-27,17250,17540,17034,17540,482178,0.011125843085259657
2020-07-28,17852,18864,17828,18383,3400336,0.048061573546180236
2020-07-29,18936,19249,18310,18359,1967910,-0.0013055540444976144
2020-07-30,18407,18552,17997,18552,842178,0.010512555150062664
2020-07-31,18793,18865,18094,18167,1036850,-0.020752479517033184
2020-08-03,17925,19081,17925,18600,1587928,0.023834425056421082
2020-08-04,18816,18840,18142,18287,856944,-0.016827956989247328
2020-08-05,18359,18938,18287,18697,1132312,0.022420298572756625
2020-08-06,19153,19731,18937,19178,3139328,0.02572605230785685
2020-08-07,19491,19708,19178,19323,1483604,0.007560746688914488
2020-08-10,20117,21683,19924,21684,4950654,0.12218599596335977
2020-08-11,21731,23297,20623,22479,5304152,0.03666297731045942
2020-08-12,22527,23201,21804,22937,2824238,0.02037457182259006
2020-08-13,22696,23082,21973,22263,1602128,-0.029384836726686125
2020-08-14,21973,22479,21732,22022,1057750,-0.010825135875668135
2020-08-18,21731,22020,19587,20431,1427322,-0.07224593588229955
2020-08-19,20720,21370,20455,20841,883662,0.020067544417796457
2020-08-20,21009,21105,18913,19564,1344548,-0.061273451369895926
2020-08-21,19900,20069,18744,19347,1114902,-0.011091801267634427
2020-08-24,19033,19828,18696,19395,682310,0.002481004806946796
2020-08-25,19707,19852,19274,19419,684836,0.0012374323279196187
2020-08-26,19516,19516,17877,18721,1809124,-0.03594417838199704
2020-08-27,18937,19515,18455,18793,1124950,0.003845948400192256
2020-08-28,18552,19202,18431,18769,822072,-0.0012770712499334813
2020-08-31,18961,19418,18720,19275,746180,0.026959347860834315
2020-09-01,19444,19757,19058,19468,693278,0.010012970168612245
2020-09-02,19515,19659,19106,19371,418542,-0.004982535442777936
2020-09-03,19612,20093,19202,20046,882536,0.03484590367043516
2020-09-04,18962,21588,18938,19974,2670810,-0.003591739000299299
2020-09-07,21707,24189,20792,21323,17332500,0.06753779913888058
2020-09-08,22359,22479,20769,20769,2713874,-0.02598133470899966
2020-09-09,20335,21299,19901,20721,1383922,-0.00231113679040873
2020-09-10,21057,21201,20479,20576,666526,-0.006997731769702198
2020-09-11,20334,20550,19804,20166,652868,-0.01992612752721612
2020-09-14,20214,20358,19756,20190,509776,0.0011901219875036784
2020-09-15,20334,20334,19829,20094,452234,-0.0047548291233283635
2020-09-16,19924,20117,19828,19901,378484,-0.00960485717129489
2020-09-17,19949,19949,19130,19299,629926,-0.030249736194161048
2020-09-18,19130,19587,19033,19323,355688,0.0012435877506606907
2020-09-21,19323,19444,18962,18986,379430,-0.01744035605237282
2020-09-22,18745,20239,18745,20239,1053514,0.06599599705045822
2020-09-23,19757,20166,19082,19468,941318,-0.038094767528039974
2020-09-24,18792,19708,18576,19034,723204,-0.022292993630573243
2020-09-25,18864,19250,18552,18576,399316,-0.024062204476200444
2020-09-28,18673,19082,18432,18962,346924,0.020779500430663234
2020-09-29,19202,19298,18792,19034,292096,0.0037970678198502306
2020-10-05,18865,19153,18720,19034,247594,0.0
2020-10-06,19178,19251,18913,18962,233764,-0.0037827046338131387
2020-10-07,18889,19082,18792,19082,160924,0.006328446366417051
2020-10-08,19178,19227,18938,18986,257716,-0.005030919190860517
2020-10-12,19033,19033,18576,18600,370920,-0.020330770041082857
2020-10-13,18600,18768,18479,18600,228898,0.0
2020-10-14,18623,18695,17876,17877,481548,-0.038870967741935436
2020-10-15,17563,17756,16817,17034,660328,-0.047155563013928536
2020-10-16,16865,18527,16648,17468,1026034,0.02547845485499578
2020-10-19,17468,17685,16914,16914,283064,-0.03171513624914124
2020-10-20,16695,16719,15877,16576,642438,-0.01998344566631194
2020-10-21,16528,16865,16263,16673,197000,0.005851833976834087
2020-10-22,16672,16672,16287,16287,147756,-0.0231512025430336
2020-10-23,16286,16310,15949,16070,141108,-0.01332350954749184
2020-10-26,15973,16166,14913,15010,393884,-0.06596141879278161
2020-10-27,14624,15443,14528,15203,279826,0.012858094603597658
2020-10-28,15323,15515,15202,15420,150122,0.014273498651582006
2020-10-29,14937,15298,14913,15275,284162,-0.009403372243839137
2020-10-30,15202,16069,15058,15203,332434,-0.004713584288052353
2020-11-02,15467,15949,15251,15926,183660,0.04755640334144573
2020-11-03,15998,16575,15877,16191,306294,0.01663945749089546
2020-11-04,16792,16864,16407,16552,281276,0.02229633747143467
2020-11-05,16841,17057,16769,16986,293610,0.02622039632672779
2020-11-06,17227,17323,16817,16890,251054,-0.00565171317555635
2020-11-09,17130,17347,16986,17155,227260,0.015689757252812297
2020-11-10,17299,17611,17154,17323,303792,0.009793063246866796
2020-11-11,17540,17974,16962,17950,449280,0.03619465450557069
2020-11-12,17973,19033,17949,18817,942770,0.0483008356545962
2020-11-13,19034,19058,18022,18697,510444,-0.006377212095445617
2020-11-16,18672,19105,18479,19010,490992,0.016740653580788356
2020-11-17,19010,20046,19010,19757,810894,0.03929510783797996
2020-11-18,19925,20215,18576,19757,663462,0.0
2020-11-19,19515,20237,19515,20142,500064,0.01948676418484596
2020-11-20,19852,20262,19756,19781,531904,-0.01792274848575115
2020-11-23,20045,20045,19009,19347,785550,-0.021940245690308835
2020-11-24,19515,20479,19178,20094,1307774,0.038610637308109874
2020-11-25,20215,21732,20070,21251,2619356,0.05757937692843629
2020-11-26,21251,22648,20841,22311,2006470,0.04988000564679318
2020-11-27,23660,26792,23323,23805,12407836,0.06696248487293266
2020-11-30,24021,25056,23708,24672,2320966,0.03642091997479513
2020-12-01,24333,24670,23563,23732,1335228,-0.038099870298313854
2020-12-02,23635,24478,23635,23853,760716,0.005098601045002482
2020-12-03,23708,24527,23371,24046,862544,0.008091225422378834
2020-12-04,24190,25105,23780,24672,1149550,0.02603343591449714
2020-12-07,24960,25249,24431,24720,838340,0.0019455252918287869
2020-12-08,24768,26791,24671,25973,2401970,0.050687702265372225
2020-12-09,26261,26502,24575,25780,1660636,-0.007430793516343903
2020-12-10,25056,26309,24526,25298,1907014,-0.018696664080682712
2020-12-11,25298,25972,25105,25250,597896,-0.001897383192347224
2020-12-14,25249,25393,23948,24238,929828,-0.040079207920792115
2020-12-15,24478,24575,23443,23877,1105690,-0.014893968149187198
2020-12-16,22648,23755,22262,23371,11124804,-0.021191942036269173
2020-12-17,23900,24767,23154,24720,3332926,0.05772110735526925
2020-12-18,25442,26599,24961,26166,4334288,0.05849514563106806
2020-12-21,26310,26791,25057,26455,2529250,0.01104486738515642
2020-12-22,25972,26213,24238,24720,2044150,-0.06558306558306559
2020-12-23,24817,26503,24238,26359,2547988,0.06630258899676367
2020-12-24,23780,25827,22768,23901,6032986,-0.0932508820516712
2020-12-28,23949,24046,22214,23034,2684990,-0.03627463286054977
2020-12-29,23708,24527,23419,24046,1334728,0.04393505253104113
2020-12-30,24045,24285,23563,23877,843586,-0.007028195957747618
2021-01-04,24093,24479,23443,24479,1419784,0.02521254763998826
2021-01-05,24479,25538,24141,25250,1491566,0.03149638465623594
2021-01-06,25634,25827,24526,24768,1240598,-0.019089108910891106
2021-01-07,25153,25153,24286,24672,1304902,-0.003875968992248069
2021-01-08,25153,25635,24720,25154,2250314,0.019536316472114068
2021-01-11,26020,27225,24864,25684,4129186,0.02107020752166644
2021-01-12,25973,26165,24912,25925,1610592,0.009383273633390532
2021-01-13,26213,26647,25442,25684,875804,-0.009296046287367354
2021-01-14,25441,25731,25153,25298,616078,-0.015028811711571444
2021-01-15,25298,25443,24142,24865,1244212,-0.017115977547632277
2021-01-18,24430,24719,23684,23901,744360,-0.038769354514377685
2021-01-19,23901,24865,23901,24576,668808,0.028241496171708347
2021-01-20,24864,24961,24141,24961,675406,0.01566569010416674
2021-01-21,25202,25780,24768,25588,872934,0.025119185930050802
2021-01-22,25539,26743,25153,25973,2349314,0.015046115366578183
2021-01-25,26648,28142,26359,27130,3555046,0.04454625957725322
2021-01-26,27418,27707,25876,26214,1223868,-0.033763361592333174
2021-01-27,26454,26550,25202,25250,1096078,-0.03677424277103836
2021-01-28,24478,24864,23852,23901,1664930,-0.05342574257425747
2021-01-29,24237,24382,21997,22648,1843440,-0.05242458474540812
2021-02-01,22599,23490,22093,23154,1177472,0.022341928647121145
2021-02-02,23202,23924,22888,23347,1150134,0.008335492787423293
2021-02-03,23780,24479,23467,23588,944366,0.01032252537799283
2021-02-04,23756,23876,23178,23275,533354,-0.013269459046973076
2021-02-05,23563,24575,22768,24479,1029328,0.051729323308270736
2021-02-08,24816,25827,24141,25250,1840764,0.03149638465623594
2021-02-09,24285,24285,23419,23901,2240744,-0.05342574257425747
2021-02-10,23900,24574,23563,24286,831838,0.016108112631270766
2021-02-15,24622,24719,24093,24286,554670,0.0
2021-02-16,24430,24430,23756,23853,639190,-0.01782920200938809
2021-02-17,23973,24189,23611,23973,542766,0.005030813734121509
2021-02-18,23997,24190,23540,23588,507038,-0.016059733867267334
2021-02-19,23394,23756,22792,23684,691478,0.004069866033576286
2021-02-22,23635,23659,23129,23130,475830,-0.023391319033946978
2021-02-23,22792,23659,22310,23371,609736,0.010419368785127503
2021-02-24,23370,23539,22069,22070,614918,-0.05566727996234655
2021-02-25,22502,22719,21226,21660,1210856,-0.018577254191209813
2021-02-26,20961,21877,20359,21757,841266,0.004478301015697239
2021-03-02,22286,23081,21949,22431,680100,0.0309785356437009
2021-03-03,22406,22792,21949,22166,307790,-0.01181400740047256
2021-03-04,21925,21973,20769,21251,721140,-0.041279436975548145
2021-03-05,20961,21250,20575,21106,405616,-0.006823208319608476
2021-03-08,21056,21418,20430,20455,363404,-0.03084430967497398
2021-03-09,20263,20359,19347,19998,570072,-0.022341725739428053
2021-03-10,20623,21080,20334,20455,316408,0.022852285228522895
2021-03-11,20455,21009,20310,20600,325058,0.0070887313615253245
2021-03-12,21105,21490,20888,20961,356832,0.01752427184466021
2021-03-15,20961,21034,20528,20745,230288,-0.010304851867754428
2021-03-16,20744,22984,20744,22648,1468240,0.09173294769824047
2021-03-17,22719,23610,22093,23226,1022790,0.02552101730837153
2021-03-18,23418,23514,22768,23202,582298,-0.0010333247222940045
2021-03-19,22743,22936,22382,22479,551228,-0.031161106801137817
2021-03-22,22599,22743,21852,21901,397350,-0.02571288758396728
2021-03-23,22189,22551,21274,21395,412706,-0.023103967855349072
2021-03-24,21178,22262,20937,21636,431552,0.01126431409207762
2021-03-25,21539,22430,21443,22166,478666,0.02449621002033653
2021-03-26,22165,22430,21707,22214,322400,0.0021654786610123544
2021-03-29,22262,22358,21901,21901,270940,-0.014090213378950223
2021-03-30,22021,22768,21949,22696,431454,0.03629971234190221
2021-03-31,23128,23128,22454,22720,309754,0.0010574550581601283
2021-04-01,22816,23274,22575,23130,487896,0.01804577464788726
2021-04-02,23370,23731,23033,23515,612024,0.01664504971897962
2021-04-05,23514,23828,23154,23154,408672,-0.015351903040612402
2021-04-06,23419,23708,23034,23034,471450,-0.005182689816014552
2021-04-07,23128,23442,22792,23009,372444,-0.0010853520882174728
2021-04-08,22815,22984,22551,22744,465196,-0.011517232387326715
2021-04-09,22622,22887,22310,22455,494414,-0.012706647907140378
2021-04-12,22913,23996,22913,23853,1772942,0.062257849031396084
2021-04-13,23852,23876,22551,22672,1625032,-0.04951159183331233
2021-04-14,22696,23081,22358,22672,570154,0.0
2021-04-15,22671,22887,22406,22503,380688,-0.007454128440366969
2021-04-16,22648,22889,22503,22793,303504,0.012887170599475528
2021-04-19,22936,22960,22575,22648,441178,-0.006361602246303666
2021-04-20,22648,22648,22190,22263,721390,-0.016999293535853055
2021-04-21,22141,22334,21756,21805,454532,-0.02057224992139428
2021-04-22,21973,23564,21877,23323,2041820,0.069617060307269
2021-04-23,23467,24238,23106,23805,2154124,0.02066629507353257
2021-04-26,23997,25201,23876,24961,2276750,0.04856122663306017
2021-04-27,25057,25202,24142,24335,928316,-0.025079123432554806
2021-04-28,24382,24864,23660,23925,811086,-0.016848161084857205
2021-04-29,24238,24960,24021,24672,1268158,0.03122257053291544
2021-04-30,24670,25008,23659,24286,737310,-0.015645265888456605
2021-05-03,24020,24478,23370,23515,544116,-0.031746685333113756
2021-05-04,23491,23829,22817,23540,579518,0.00106315118009781
2021-05-06,23612,24335,23612,23829,394348,0.012276975361087406
2021-05-07,23731,23972,23659,23780,262868,-0.002056317931931728
2021-05-10,24817,25298,24672,25106,1768910,0.055761143818334746
2021-05-11,24816,25731,24623,25154,1445880,0.0019118935712578722
2021-05-12,25346,26213,25202,25732,1461044,0.022978452731176047
2021-05-13,25152,25490,24069,24527,1053538,-0.04682885123581537
2021-05-14,24816,25346,24286,25250,570810,0.02947771843274749
2021-05-17,25539,26406,25491,26166,1118768,0.03627722772277231
2021-05-18,26117,26888,24623,25202,2006508,-0.03684170297332412
2021-05-20,25201,25731,24864,25154,457560,-0.0019046107451790029
2021-05-21,25490,25683,24768,24961,442400,-0.0076727359465691425
2021-05-24,25057,25298,24142,24335,602314,-0.025079123432554806
2021-05-25,24574,24622,24141,24286,372994,-0.002013560715019569
2021-05-26,24286,24623,23949,24046,506890,-0.009882236679568446
2021-05-27,24238,24816,23852,24479,510862,0.01800715295683264
2021-05-28,24479,24960,24479,24672,284184,0.007884308999550615
2021-05-31,24671,24816,24142,24335,429586,-0.013659208819714608
2021-06-01,24478,24575,24093,24190,377560,-0.005958495993425128
2021-06-02,24383,24383,23997,24070,335000,-0.004960727573377399
2021-06-03,24069,24333,24069,24238,280668,0.006979642708766054
2021-06-04,24189,24237,23852,23901,298326,-0.013903787441208015
2021-06-07,24093,24141,23491,23540,564294,-0.015103970545165435
2021-06-08,23636,23636,22769,22769,870616,-0.032752761257434204
2021-06-09,22984,23274,22623,22841,532462,0.0031621942114277157
2021-06-10,22695,23539,22502,23515,405394,0.02950834026531246
2021-06-11,23755,24430,23611,24286,912462,0.03278758239421653
2021-06-14,24479,24527,23997,24094,376674,-0.007905789343654823
2021-06-15,24430,24526,23587,23901,490050,-0.008010293019008907
2021-06-16,23851,23851,23346,23491,481780,-0.01715409397096357
2021-06-17,23275,24190,23226,24094,534078,0.025669405304159065
2021-06-18,24238,25490,24093,25250,1474874,0.047978749896239625
2021-06-21,25057,26985,24913,26407,3369616,0.04582178217821786
2021-06-22,26309,26406,25491,25973,1060052,-0.01643503616465336
2021-06-23,25925,26696,25395,26359,1139286,0.014861587032687806
2021-06-24,26502,26599,25202,25443,839694,-0.03475093895823056
2021-06-25,25538,25827,24864,25298,520886,-0.005699013481114679
2021-06-28,25347,25395,24431,24576,794370,-0.02853980551822277
2021-06-29,24575,25056,24334,24479,449428,-0.00394694010416663
2021-06-30,24624,25057,24624,24865,485822,0.01576861799910123
2021-07-01,25056,25297,24671,24672,421340,-0.007761914337422127
2021-07-02,24624,25009,24431,24576,376712,-0.0038910505836575737
2021-07-05,24190,24431,23901,24094,818084,-0.01961263020833337
2021-07-06,24093,24623,23997,24479,471994,0.015979081929111016
2021-07-07,24526,24575,24021,24142,547026,-0.013766902242738688
2021-07-08,24286,24575,23973,24479,656250,0.013959075470135085
2021-07-09,24190,24720,23756,24720,677914,0.00984517341394664
2021-07-12,24720,25539,24286,25347,922508,0.025364077669902896
2021-07-13,26117,27659,25780,27226,4519286,0.07413106087505428
2021-07-14,27370,28671,26936,28238,2803568,0.037170351869536544
2021-07-15,28431,29394,28045,28431,1796324,0.0068347616686734725
2021-07-16,28430,30357,28189,29828,2070260,0.049136505926629326
2021-07-19,29828,30406,28913,29684,1376634,-0.004827678691162629
2021-07-20,29298,29394,27901,28190,1614296,-0.0503301441854197
2021-07-21,28623,29008,27852,28575,953290,0.013657325292657063
2021-07-22,28526,28574,27274,27756,1044060,-0.02866141732283467
2021-07-23,27852,28575,27371,27660,618066,-0.0034587116299178433
2021-07-26,27947,28815,27707,27852,754308,0.00694143167028205
2021-07-27,28142,28527,27563,28142,572186,0.010412178658624205
2021-07-28,27900,28333,26936,27756,652836,-0.013716153791486052
2021-07-29,28141,29490,27756,29346,1151182,0.0572849113705145
2021-07-30,29298,30069,28672,28913,917386,-0.014754992162475333
2021-08-02,29008,29489,28189,29153,483306,0.008300764362051627
2021-08-03,29491,29876,28961,29202,575890,0.0016807875690323382
2021-08-04,29827,29875,28719,29153,581916,-0.0016779672625162334
2021-08-05,29057,30164,28816,30069,747166,0.03142043700476793
2021-08-06,30310,30985,29780,29973,648720,-0.0031926568891549323
2021-08-09,29973,32719,29587,31467,1941826,0.049844860374336886
2021-08-10,31803,32092,31032,31804,720316,0.010709632313216977
2021-08-11,31515,33057,31515,32238,956288,0.013646082253804481
2021-08-12,32189,33731,32044,33683,1032152,0.0448228798312551
2021-08-13,34165,34984,32912,33539,1378874,-0.004275153638333862
2021-08-17,32911,32959,30116,30165,2074534,-0.10059930230477954
2021-08-18,30165,31658,30165,31129,1075532,0.03195756671639316
2021-08-19,30646,31755,30261,30551,885284,-0.018567894889010228
2021-08-20,30694,31272,29683,30406,677860,-0.004746162155084943
2021-08-23,30792,30888,28575,29925,913922,-0.015819246201407622
2021-08-24,30550,30935,28623,29491,907702,-0.01450292397660824
2021-08-25,29442,29634,28816,29539,572402,0.0016276152046386105
2021-08-26,29683,29779,28623,28768,723874,-0.0261010866989404
2021-08-27,28334,28912,27852,28575,631118,-0.006708843159065614
2021-08-30,28670,28959,27851,28093,703558,-0.01686789151356083
2021-08-31,27996,29923,27996,29876,1093306,0.0634677677713309
2021-09-01,29971,30260,29490,29635,538868,-0.00806667559244878
2021-09-02,29682,29682,28430,28864,720906,-0.026016534503121358
2021-09-03,28912,30213,28575,30069,787384,0.04174750554323725
2021-09-06,30165,30599,29732,29973,466192,-0.0031926568891549323
2021-09-07,30214,31322,30021,30744,858728,0.025723150835752273
2021-09-08,30743,31320,30116,30936,693820,0.006245120999219367
2021-09-09,31081,31756,30214,30455,754964,-0.015548228600982705
2021-09-10,30455,31177,29828,29973,636236,-0.01582662945329172
2021-09-13,29442,31032,28912,30069,1445812,0.003202882594334877
2021-09-14,30406,31563,29684,31515,1021702,0.04808939439289639
2021-09-15,31754,32236,31176,31659,880412,0.004569252736791984
2021-09-16,31707,32526,31562,31804,603214,0.0045800562241384846
2021-09-17,31996,31996,30454,31370,663952,-0.013646082253804592
2021-09-23,30888,31756,30647,31515,518380,0.004622250557857921
2021-09-24,32044,33345,31659,32575,1118366,0.033634777090274515
2021-09-27,32622,35320,32574,34743,1830708,0.06655410590943966
2021-09-28,34742,35851,32526,33153,1409570,-0.04576461445471025
2021-09-29,32045,34358,31563,34021,1092560,0.026181642686936346
2021-09-30,34165,35417,32960,34454,1044248,0.012727433056053616
2021-10-01,34406,36043,33972,35177,1279594,0.0209845010738956
2021-10-05,34598,38019,34454,37442,1982066,0.06438866304687729
2021-10-06,37971,39127,35707,36912,1807218,-0.014155226750707794
2021-10-07,37248,37730,33441,35514,1923264,-0.03787386215864763
2021-10-08,35610,39513,35562,38550,2233852,0.08548741341442812
2021-10-12,38453,39176,37682,38020,851606,-0.013748378728923427
2021-10-13,38357,40140,37394,39418,1036436,0.03677012098895327
2021-10-14,39610,41345,39369,39707,938450,0.007331675884113764
2021-10-15,39513,40380,38791,39466,841898,-0.006069458785604498
2021-10-18,39465,42597,39321,41875,972708,0.06103988243044656
2021-10-19,41875,42694,41538,42213,597910,0.008071641791044692
2021-10-20,42886,44235,42067,42357,928900,0.0034112714092815466
2021-10-21,42646,42646,38839,39900,1837612,-0.0580069410014874
2021-10-22,39465,40670,39032,39514,747668,-0.009674185463659168
2021-10-25,39031,40621,38501,40140,579334,0.015842486207420237
2021-10-26,40959,41778,39032,40044,604434,-0.0023916292974588416
2021-10-27,39610,40189,38647,39418,482890,-0.015632803915692772
2021-10-28,39609,39705,38742,38839,420516,-0.014688720888934026
2021-10-29,38984,40237,38357,39659,516298,0.021112798990705173
2021-11-01,40091,40284,38309,38791,592750,-0.021886583121107472
2021-11-02,38839,40139,38791,39321,393306,0.013662963058441502
2021-11-03,39272,40669,39272,39851,343712,0.013478802675415125
2021-11-04,39947,40477,39080,39273,491340,-0.014504027502446615
2021-11-05,39803,41633,39610,41008,865520,0.04417793394953273
2021-11-08,41392,42115,40862,41682,512216,0.0164358174014827
2021-11-09,41682,44862,41007,44429,1186890,0.06590374742094918
2021-11-10,43755,45634,43755,44526,844120,0.0021832586823922195
2021-11-11,44525,46741,43754,46164,801100,0.03678749494677258
2021-11-12,46164,47995,42453,47610,1758816,0.0313231089160384
2021-11-15,49875,51320,47417,49152,1532048,0.032388153749212334
2021-11-16,49152,50597,46983,47851,764446,-0.02646891276041663
2021-11-17,48043,49634,47513,49634,655550,0.037261499237215556
2021-11-18,53489,59753,52043,53730,4728020,0.08252407623806257
2021-11-19,54210,55415,52042,54211,1067564,0.008952168248650638
2021-11-22,53248,53489,46116,47610,2750642,-0.12176495545184551
2021-11-23,46742,48140,46068,46598,930162,-0.021256038647343045
2021-11-24,46453,51079,46405,49875,1244474,0.070324906648354
2021-11-25,50355,53005,49633,50115,794546,0.004812030075187934
2021-11-26,48911,51561,48188,49152,572706,-0.01921580365160136
2021-11-29,47127,49633,47127,48429,740424,-0.01470947265625
2021-11-30,50114,50114,46983,47128,630096,-0.02686406904953642
2021-12-01,47512,47898,45296,47465,935678,0.007150738414530622
2021-12-02,46742,47080,44285,45827,888326,-0.03450963868113344
2021-12-03,46693,46693,45296,45923,477954,0.002094834922643951
2021-12-06,45345,45827,44381,45586,476232,-0.007338370751039824
2021-12-07,45778,46550,44429,45056,499688,-0.011626376519106696
2021-12-08,45344,46934,45200,45634,702666,0.012828480113636465
2021-12-09,46212,46357,44911,45538,548270,-0.002103694613665219
2021-12-10,45200,47223,44814,45345,1403304,-0.004238218630594259
2021-12-13,45874,46067,42790,42791,1354686,-0.05632374021391551
2021-12-14,42839,43417,41152,42213,826656,-0.013507513262134507
2021-12-15,41488,42307,40718,40863,704084,-0.031980669462014055
2021-12-16,41681,42742,41056,41345,754636,0.01179551183221994
2021-12-17,40478,41442,40140,41442,540292,0.0023461119845205047
2021-12-20,40718,40766,39176,39273,837234,-0.052338207615462595
2021-12-21,39273,40429,38309,40044,672768,0.019631808112443583
2021-12-22,40814,41681,39706,40044,506098,0.0
2021-12-23,40622,41633,40477,41008,642870,0.024073519128958054
2021-12-24,41442,42309,40911,41490,731554,0.011753804135778312
2021-12-27,41489,41874,40333,40526,424464,-0.023234514340805035
2021-12-28,40573,42549,40573,42453,1121920,0.047549721166658454
2021-12-29,42452,43127,40718,41297,1065156,-0.027230113301769054
2021-12-30,41442,43080,41152,43032,767356,0.04201273700268793
2022-01-03,43176,43321,41682,41972,512524,-0.024632831381297682
2022-01-04,42741,42837,40766,41393,536794,-0.013794910892976242
2022-01-05,41393,41393,39080,39418,728148,-0.047713381489623896
2022-01-06,38261,39803,38068,38647,583116,-0.019559592064539055
2022-01-07,38550,39466,38550,38936,288932,0.007477941366729635
2022-01-10,38213,38647,37394,38165,524648,-0.019801725909184276
2022-01-11,38501,38597,36429,36912,592620,-0.032831127996855725
2022-01-12,37442,39128,37394,38936,640988,0.054833116601647136
2022-01-13,39658,39802,38405,38454,416564,-0.012379289089788359
2022-01-14,37779,39850,37586,39273,534180,0.02129817444219073
2022-01-17,39513,41922,39417,40285,918338,0.02576833957171587
2022-01-18,40573,41007,39851,40044,414800,-0.005982375574035026
2022-01-19,39369,39802,38839,39225,265236,-0.020452502247527704
2022-01-20,39032,40960,38791,40719,332418,0.038087954110898714
2022-01-21,40139,40718,39273,39562,269818,-0.028414253788157873
2022-01-24,38645,39031,37007,37586,528218,-0.04994691876042667
2022-01-25,37441,38116,36478,36671,381668,-0.024344170701857126
2022-01-26,36670,37104,35128,35177,446788,-0.04074063974257591
2022-01-27,34935,35610,32574,33346,827540,-0.0520510560877846
2022-01-28,32863,33441,30406,32575,917754,-0.023121213938703256
2022-02-03,33201,33731,32478,32527,626164,-0.0014735226400613977
2022-02-04,32333,34212,32188,34213,487382,0.051833861100009315
2022-02-07,34551,34695,33394,33780,260742,-0.012656007950194392
2022-02-08,33827,34983,33538,33683,354390,-0.002871521610420369
2022-02-09,34551,34647,30936,32238,1211268,-0.04289997921800315
2022-02-10,31899,31947,28912,29298,2470984,-0.09119672436255355
2022-02-11,28768,29443,28190,28190,938070,-0.03781828111133867
2022-02-14,27419,28623,27226,27419,660262,-0.02735012415750271
2022-02-15,27611,27997,26889,27130,468962,-0.01054013640176521
2022-02-16,27708,28238,27515,28142,555488,0.037301879837817964
2022-02-17,33490,34069,29057,29684,5613344,0.05479354701158412
2022-02-18,28913,30936,28672,29684,1501878,0.0
2022-02-21,29201,30790,28960,30165,950094,0.01620401563131657
2022-02-22,29346,30502,29298,29539,610870,-0.020752527763964856
2022-02-23,29828,30069,29539,29732,357822,0.006533735062121293
2022-02-24,29491,30647,29057,29202,757272,-0.017825911475850886
2022-02-25,30069,30405,29683,30310,609988,0.03794260667077598
2022-02-28,30117,30791,29876,30358,519296,0.0015836357637744047
2022-03-02,29250,30647,29201,30455,926102,0.0031952039001250654
2022-03-03,30840,31274,30599,30696,527766,0.007913314726645915
2022-03-04,30743,31225,30261,30599,288498,-0.0031600208496220805
2022-03-07,30069,30406,29394,29443,470918,-0.03777901238602566
2022-03-08,28863,29345,28430,28816,314456,-0.02129538430187139
2022-03-10,29491,29732,28720,28961,308524,0.005031926707384837
2022-03-11,28960,29249,28719,29009,229660,0.001657401332826991
2022-03-14,28960,28960,27707,28045,445676,-0.033231066220828054
2022-03-15,27804,28334,27226,27419,333858,-0.02232126938848278
2022-03-16,27755,27851,27225,27515,309878,0.0035012217805172607
2022-03-17,27996,28912,27948,28527,429838,0.036779938215518726
2022-03-18,28912,30357,28574,29876,549428,0.047288533669856525
2022-03-21,30502,31272,30116,30936,659474,0.035479983933592196
2022-03-22,30936,31274,30262,30985,323418,0.0015839151797258921
2022-03-23,31610,31947,30743,30888,494550,-0.0031305470388898193
2022-03-24,30358,31370,30262,31226,290924,0.010942760942761032
2022-03-25,31369,31417,30839,30888,318152,-0.010824313072439584
2022-03-28,30599,30985,29925,30744,264334,-0.004662004662004615
2022-03-29,31128,31513,30743,30888,320274,0.004683840749414525
2022-03-30,31273,31658,30936,31033,273808,0.004694379694379691
2022-03-31,30647,33346,30647,33250,1518898,0.07144007991492929
2022-04-01,33050,34150,32200,32250,777916,-0.03007518796992481
2022-04-04,32250,32600,31750,32450,318886,0.006201550387596955
2022-04-05,32850,35150,32800,34500,1326628,0.06317411402157158
2022-04-06,33950,36650,33600,35900,1637578,0.04057971014492745
2022-04-07,35600,36200,34650,34850,642742,-0.029247910863509752
2022-04-08,35050,36950,35050,36850,998892,0.057388809182209455
2022-04-11,36600,37100,35250,35600,654696,-0.03392130257801895
2022-04-12,34700,35550,34000,35300,673014,-0.008426966292134797
2022-04-13,35700,35950,34850,35900,427476,0.016997167138810276
2022-04-14,36400,36450,34850,34850,548752,-0.029247910863509752
2022-04-15,34500,35900,34250,35450,311922,0.017216642754662947
2022-04-18,35250,35700,34250,34300,341324,-0.03244005641748937
2022-04-19,34550,35000,34300,34350,201678,0.001457725947521915
2022-04-20,34800,34950,34050,34050,208096,-0.008733624454148492
2022-04-21,34150,36600,34150,36400,1104304,0.06901615271659334
2022-04-22,36500,39400,36450,38400,2535426,0.05494505494505497
2022-04-25,38250,38900,36800,36850,937120,-0.04036458333333337
2022-04-26,37400,37500,36000,36350,495086,-0.013568521031207648
2022-04-27,34950,38400,34850,37050,1360162,0.01925722145804687
2022-04-28,37650,38100,36050,36100,484842,-0.02564102564102566
2022-04-29,36450,36900,35950,36200,340248,0.0027700831024930483
2022-05-02,35400,36400,35350,36350,224266,0.004143646408839796
2022-05-03,36200,36900,35800,35950,300756,-0.011004126547455306
2022-05-04,36000,36050,34500,34550,650282,-0.03894297635605004
2022-05-06,34250,34850,33400,33400,420518,-0.03328509406657021
2022-05-09,32900,33150,32249,32400,364786,-0.029940119760479056
2022-05-10,32000,32600,30700,32100,525542,-0.0092592592592593
2022-05-11,32100,33000,31650,32100,259096,0.0
2022-05-12,31500,31700,30250,30400,415388,-0.052959501557632405
2022-05-13,30400,31500,30400,31250,206082,0.02796052631578938
2022-05-16,31850,32550,31600,31700,217670,0.014399999999999968
2022-05-17,31550,32500,31300,32000,220478,0.009463722397476282
2022-05-18,32650,33500,32300,33000,327606,0.03125
2022-05-19,32000,33950,31850,33800,527422,0.024242424242424176
2022-05-20,34200,34350,33650,33800,369658,0.0
2022-05-23,34150,34200,32800,32900,313992,-0.026627218934911268
2022-05-24,32750,33500,31900,31900,281142,-0.03039513677811545
2022-05-25,32050,32250,31000,31350,326322,-0.017241379310344862
2022-05-26,30950,31200,29700,29700,876912,-0.052631578947368474
2022-05-27,30350,30499,29699,29800,333970,0.0033670033670034627
2022-05-30,30150,30599,29799,30100,353396,0.010067114093959662
2022-05-31,30450,32050,30350,31750,880052,0.054817275747508276
2022-06-02,31750,32200,31150,31500,282484,-0.007874015748031482
2022-06-03,31950,32150,30900,31000,328812,-0.015873015873015928
2022-06-07,30700,30750,30050,30100,294306,-0.029032258064516148
2022-06-08,30250,30450,29750,29750,257380,-0.011627906976744207
2022-06-09,29550,30500,29550,29850,308234,0.003361344537815114
2022-06-10,29550,29700,29150,29150,283908,-0.02345058626465657
2022-06-13,28200,28550,27350,27900,536480,-0.04288164665523153
2022-06-14,27100,28500,27050,28300,403530,0.014336917562723928
2022-06-15,28150,28500,26000,26150,705278,-0.07597173144876324
2022-06-16,27000,27700,26799,26950,392346,0.030592734225621365
2022-06-17,26100,27550,26000,27550,284286,0.02226345083487935
2022-06-20,27900,27900,25700,25900,548720,-0.05989110707803991
2022-06-21,25900,26100,25100,25500,375532,-0.015444015444015413
2022-06-22,25950,26200,24400,24400,484792,-0.04313725490196074
2022-06-23,24400,24750,23100,23300,576940,-0.04508196721311475
2022-06-24,23400,24700,23275,24700,423306,0.06008583690987135
2022-06-27,25400,25600,24900,24950,288030,0.010121457489878471
2022-06-28,24950,25300,24550,25150,226018,0.008016032064128265
2022-06-29,24675,24750,24100,24100,329956,-0.041749502982107334
2022-06-30,24250,24275,22475,22550,593870,-0.06431535269709543
2022-07-01,22475,22750,21550,21825,534968,-0.032150776053215036
2022-07-04,21825,22000,20600,21250,554354,-0.026345933562428425
2022-07-05,21275,21975,21250,21900,339762,0.030588235294117583
2022-07-06,22000,22125,21250,21350,215492,-0.02511415525114158
2022-07-07,21600,21950,21450,21650,137952,0.014051522248243575
2022-07-08,22150,22300,21425,21425,243082,-0.010392609699769073
2022-07-11,21550,21625,21050,21425,182942,0.0
2022-07-12,21075,21125,20225,20400,407548,-0.04784130688448074
2022-07-13,20175,21050,20175,21050,241474,0.031862745098039325
2022-07-14,20750,21750,20750,21325,429856,0.013064133016627011
2022-07-15,21325,21325,20625,21000,216978,-0.015240328253223967
2022-07-18,21325,21500,20925,21350,208752,0.016666666666666607
2022-07-19,21275,21975,21075,21625,240522,0.012880562060889833
2022-07-20,22175,22275,21275,21400,466926,-0.010404624277456698
2022-07-21,20900,20950,19525,19725,2076700,-0.07827102803738317
2022-07-22,19900,20225,19650,19700,964164,-0.0012674271229404788
2022-07-25,19650,20000,19525,19750,362530,0.002538071065989911
2022-07-26,19600,19925,19575,19850,329086,0.005063291139240533
2022-07-27,19750,19850,19650,19725,201212,-0.006297229219143552
2022-07-28,19900,20450,19825,20000,826604,0.013941698352344822
2022-07-29,20125,21725,20075,20875,1320312,0.043749999999999956
2022-08-01,20925,22500,20575,22350,1202422,0.07065868263473063
2022-08-02,22525,22550,21750,21900,611954,-0.020134228187919434
2022-08-03,21800,22200,21750,22050,403204,0.006849315068493178
2022-08-04,22250,23075,22100,22475,667592,0.01927437641723362
2022-08-05,22700,22800,22175,22525,428692,0.0022246941045607205
2022-08-08,22600,23650,22225,23200,638452,0.029966703662597016
2022-08-09,23200,23300,22175,22950,656984,-0.010775862068965525
2022-08-10,22450,23625,22450,23075,443654,0.005446623093681824
2022-08-11,23475,23725,23050,23125,382814,0.0021668472372697867
2022-08-12,23075,23349,22750,23300,293710,0.00756756756756749
2022-08-16,23300,23500,23100,23300,263824,0.0
2022-08-17,23299,23700,23050,23175,323130,-0.005364806866952843
2022-08-18,22800,22850,22300,22750,334234,-0.01833872707659112
2022-08-19,22725,23050,22125,22175,293288,-0.025274725274725296
2022-08-22,21650,21925,21525,21650,265476,-0.02367531003382184
2022-08-23,21225,21600,21100,21125,266308,-0.024249422632794504
2022-08-24,21150,21425,20750,21125,225078,0.0
2022-08-25,21000,21725,21000,21425,279492,0.014201183431952646
2022-08-26,21700,21700,21125,21125,282646,-0.014002333722287097
2022-08-29,20100,20750,20050,20625,227198,-0.023668639053254448
2022-08-30,20500,20925,20475,20675,300796,0.00242424242424244
2022-08-31,20525,21025,20150,20900,257008,0.010882708585247869
2022-09-01,20600,20625,19875,19975,417632,-0.04425837320574166
2022-09-02,20250,20250,19750,19750,237080,-0.01126408010012514
2022-09-05,19550,19850,19175,19250,290562,-0.025316455696202556
2022-09-06,19050,19550,19025,19275,307326,0.0012987012987013546
2022-09-07,19100,19200,18350,18650,677446,-0.03242542153047989
2022-09-08,18925,19225,18725,19000,297336,0.018766756032171594
2022-09-13,19475,20950,19275,20650,740782,0.08684210526315783
2022-09-14,19500,20475,19475,19975,461758,-0.032687651331719136
2022-09-15,20100,20225,19675,19700,288762,-0.013767209011264048
2022-09-16,19350,19825,19150,19200,327600,-0.025380710659898442
2022-09-19,19250,19575,18975,19125,222908,-0.00390625
2022-09-20,19225,19550,19075,19125,167080,0.0
2022-09-21,19000,19225,18700,18975,231550,-0.007843137254901933
2022-09-22,18525,18825,18350,18725,299756,-0.013175230566534912
2022-09-23,18675,18750,17425,17475,712470,-0.06675567423230977
2022-09-26,17200,17225,16350,16550,698864,-0.05293276108726752
2022-09-27,16300,16750,15975,16675,451730,0.007552870090634434
2022-09-28,16475,16750,15425,15650,379448,-0.06146926536731634
2022-09-29,15800,16150,15175,15200,320186,-0.028753993610223683
2022-09-30,14850,15150,14550,14950,352984,-0.016447368421052655
2022-10-04,15225,15575,15150,15525,164856,0.03846153846153855
2022-10-05,15775,16000,14800,14900,292320,-0.040257648953301084
2022-10-06,14925,15700,14900,15600,233120,0.046979865771812124
2022-10-07,15375,15975,15275,15625,171954,0.0016025641025640969
2022-10-11,15050,15300,14575,14700,239552,-0.05920000000000003
2022-10-12,14525,14800,14325,14775,178242,0.005102040816326481
2022-10-13,14525,14750,14125,14125,181504,-0.04399323181049064
2022-10-14,14475,14800,14400,14625,167368,0.03539823008849563
2022-10-17,14400,15100,14150,15075,167376,0.03076923076923066
2022-10-18,15750,15750,15125,15275,180100,0.013266998341625147
2022-10-19,15400,18500,15250,17025,2256724,0.11456628477905073
2022-10-20,17375,18400,17050,17475,1197952,0.026431718061673992
2022-10-21,17575,17725,16650,16650,415682,-0.047210300429184504
2022-10-24,17100,17550,16850,17275,423858,0.037537537537537524
2022-10-25,17175,17775,17000,17500,385174,0.013024602026049159
2022-10-26,17600,17725,16875,16875,239910,-0.0357142857142857
2022-10-27,17000,17800,16950,17425,307954,0.032592592592592506
2022-10-28,17175,18650,17175,18150,854638,0.04160688665710177
2022-10-31,18300,18325,16400,16800,932984,-0.07438016528925617
2022-11-01,16800,17200,16625,17200,344866,0.023809523809523725
2022-11-02,17050,17300,16800,16800,291538,-0.023255813953488413
2022-11-03,16700,17075,16350,16950,216638,0.008928571428571397
2022-11-04,16700,17525,16700,17300,279984,0.020648967551622377
2022-11-07,17300,17325,16925,17025,185314,-0.01589595375722541
2022-11-08,17150,17225,16700,17150,201974,0.007342143906020615
2022-11-09,17150,17425,16975,17225,273208,0.004373177842565523
2022-11-10,17100,18250,17000,17400,643668,0.010159651669085612
2022-11-11,18050,20450,17700,19350,2158812,0.11206896551724133
2022-11-14,19775,19900,19350,19350,783494,0.0
2022-11-15,19375,20225,19375,19850,804920,0.025839793281653645
2022-11-16,19950,20575,19425,20150,522774,0.015113350125944613
2022-11-17,19925,20025,19600,19625,314924,-0.02605459057071957
2022-11-18,19625,20075,19625,19750,280644,0.006369426751592355
2022-11-21,19700,19800,18050,18450,507510,-0.0658227848101266
2022-11-22,18300,18775,17875,18025,228856,-0.023035230352303482
2022-11-23,18100,18450,18100,18175,138260,0.00832177531206657
2022-11-24,18325,18925,18325,18650,205068,0.026134800550206227
2022-11-25,18725,19125,18575,18900,192124,0.013404825737265424
2022-11-28,18550,19950,18500,19300,404238,0.021164021164021163
2022-11-29,19250,19700,19150,19400,196548,0.005181347150259086
2022-11-30,19500,19500,18950,19425,144746,0.0012886597938144284
2022-12-01,19850,19875,19150,19150,294106,-0.014157014157014203
2022-12-02,19350,19600,18725,18750,235178,-0.02088772845953002
2022-12-05,18725,18875,18225,18250,209768,-0.026666666666666616
2022-12-06,18250,18400,17800,17950,106096,-0.016438356164383605
2022-12-07,17700,17875,17400,17575,217100,-0.02089136490250698
2022-12-08,17375,17575,17075,17300,250840,-0.015647226173541973
2022-12-09,17425,17450,16750,17050,276212,-0.014450867052023142
2022-12-12,16850,16975,16575,16850,209330,-0.011730205278592365
2022-12-13,17000,17225,16550,16700,190276,-0.008902077151335286
2022-12-14,16725,17150,16600,17150,159488,0.026946107784431073
2022-12-15,16750,17250,16750,16900,106886,-0.014577259475218707
2022-12-16,16550,16925,16400,16925,336398,0.0014792899408284654
2022-12-19,16900,16900,16400,16425,193812,-0.02954209748892167
2022-12-20,16300,16400,15650,15800,243928,-0.03805175038051756
2022-12-21,15850,16000,15375,15600,183344,-0.012658227848101222
2022-12-22,15650,15850,15525,15650,147902,0.0032051282051281937
2022-12-23,15275,15400,14875,14975,329770,-0.04313099041533541
2022-12-26,14975,15125,14825,15075,170822,0.006677796327211993
2022-12-27,15000,15299,14975,15050,197686,-0.0016583747927031434
2022-12-28,15000,15174,14850,15000,204096,-0.0033222591362126463
2022-12-29,15100,15400,14974,15000,220600,0.0
2023-01-02,15099,15650,15099,15350,161502,0.023333333333333428
2023-01-03,15150,15525,14925,15450,157660,0.006514657980456029
2023-01-04,15225,15625,15100,15575,140908,0.008090614886731462
2023-01-05,15625,15775,15100,15200,170724,-0.024077046548956704
2023-01-06,15075,15625,14950,15350,135138,0.009868421052631637
2023-01-09,15600,16325,15600,16025,215540,0.043973941368078195
2023-01-10,16300,16550,16150,16250,236190,0.014040561622464809
2023-01-11,16250,16725,16250,16700,173088,0.027692307692307683
2023-01-12,16950,17375,16425,16675,284458,-0.0014970059880239361
2023-01-13,16775,16800,16175,16175,252546,-0.02998500749625188
2023-01-16,16224,17125,16224,17100,335152,0.057187017001545604
2023-01-17,17175,18050,17000,17750,758960,0.03801169590643272
2023-01-18,17800,17900,17350,17575,226778,-0.009859154929577452
2023-01-19,17475,18200,17250,18150,385774,0.03271692745376953
2023-01-20,17850,18125,17750,18000,191452,-0.008264462809917328
2023-01-25,18300,18300,18000,18050,166676,0.002777777777777768
2023-01-26,18125,19350,18125,19200,624332,0.06371191135734078
2023-01-27,19425,19700,19125,19500,507574,0.015625
2023-01-30,19725,20125,19225,19500,447510,0.0
2023-01-31,19500,19750,18900,19675,331730,0.008974358974358942
2023-02-01,19850,20000,19575,19725,341094,0.0025412960609911828
2023-02-02,20100,20400,19775,20375,435032,0.032953105196451116
2023-02-03,20375,20675,20000,20150,326060,-0.011042944785276121
2023-02-06,20150,20850,19875,20600,441098,0.022332506203474045
2023-02-07,20675,21550,20675,21325,539036,0.03519417475728148
2023-02-08,21550,21675,20850,21350,469406,0.0011723329425556983
2023-02-09,21200,21875,21000,21475,420740,0.005854800936768045
2023-02-10,21700,21725,20275,20350,704284,-0.052386495925494714
2023-02-13,20050,20475,19850,20000,334990,-0.017199017199017175
2023-02-14,20350,21200,20300,20950,446488,0.0475000000000001
2023-02-15,21175,21425,20175,20250,409906,-0.03341288782816232
2023-02-16,20750,22100,20600,21850,852212,0.07901234567901239
2023-02-17,21500,22725,21250,22450,875158,0.027459954233409523
2023-02-20,23100,23500,22725,23475,874556,0.04565701559020052
2023-02-21,23575,25250,23525,25150,1700642,0.07135250266240689
2023-02-22,24800,27000,24775,26100,1510630,0.0377733598409542
2023-02-23,26750,26800,24325,24900,1252746,-0.04597701149425293
2023-02-24,24975,24975,23950,24475,772342,-0.017068273092369468
2023-02-27,23950,24050,23250,23450,762146,-0.04187946884576099
2023-02-28,23475,24700,23475,24575,857160,0.04797441364605537
2023-03-02,24725,24750,23500,23575,727030,-0.04069175991861651
2023-03-03,23500,23875,23149,23675,694754,0.0042417815482502785
2023-03-06,24325,24325,22900,22950,901344,-0.03062302006335793
2023-03-07,22950,23125,22100,22175,1093110,-0.03376906318082784
2023-03-08,21750,22450,21575,21725,632620,-0.020293122886133053
2023-03-09,21750,21875,20825,21025,651776,-0.03222094361334871
2023-03-10,20675,21275,20500,20650,412702,-0.017835909631391256
2023-03-13,20250,21725,20225,21550,644822,0.04358353510895885
2023-03-14,21575,21575,20475,20700,316658,-0.03944315545243615
2023-03-15,21125,21400,20250,20675,389856,-0.0012077294685990392
2023-03-16,20650,20675,19900,20450,471540,-0.010882708585247869
2023-03-17,20750,21350,19950,21275,574420,0.04034229828850866
2023-03-20,20825,21425,20625,20850,359496,-0.0199764982373678
2023-03-21,21025,21300,20500,20550,311148,-0.014388489208633115
2023-03-22,20800,21325,20600,21250,596446,0.03406326034063256
2023-03-23,20950,21125,20475,20525,614436,-0.034117647058823475
2023-03-24,20725,21050,20325,20950,441498,0.020706455542021995
2023-03-27,21225,21600,20825,20925,510050,-0.0011933174224343368
2023-03-28,21250,21575,20875,21400,522494,0.022700119474313052
2023-03-29,21875,24225,21750,23950,2747010,0.11915887850467288
2023-03-30,23975,24225,23175,23350,1021880,-0.025052192066805867
2023-03-31,23525,24375,22750,23500,924704,0.0064239828693790635
2023-04-03,24199,24500,23225,23275,1047760,-0.009574468085106425
2023-04-04,23075,24250,23050,23275,943972,0.0
2023-04-05,24175,25500,23825,24350,2036710,0.04618689581095592
2023-04-06,24450,25200,23925,24700,1153324,0.014373716632443578
2023-04-07,25250,25300,24325,24500,736252,-0.0080971659919028
2023-04-10,24525,24525,23350,23350,1038658,-0.04693877551020409
2023-04-11,23525,23699,22500,23150,727892,-0.008565310492505307
2023-04-12,23150,23425,22500,22650,549150,-0.021598272138228958
2023-04-13,22650,23400,22000,22850,530268,0.008830022075055233
2023-04-14,23250,23425,22775,22850,353862,0.0
2023-04-17,23000,23025,22200,22825,385984,-0.001094091903719896
2023-04-18,22825,22825,22275,22300,404448,-0.02300109529025196
2023-04-19,22400,23300,22325,22850,500418,0.024663677130044803
2023-04-20,22550,22775,21550,21600,588182,-0.054704595185995575
2023-04-21,21500,21875,21000,21350,363118,-0.01157407407407407
2023-04-24,21250,21650,20825,20975,273668,-0.01756440281030447
2023-04-25,20875,21100,20000,20325,479676,-0.030989272943980906
2023-04-26,20225,20500,19950,19950,310920,-0.01845018450184499
2023-04-27,20150,20475,19700,20425,277126,0.023809523809523725
2023-04-28,20725,20950,20025,20150,271580,-0.01346389228886169
2023-05-02,20150,20700,20075,20450,158062,0.014888337468982549
2023-05-03,20350,20350,20025,20100,167604,-0.017114914425427896
2023-05-04,20250,20250,19775,19850,192882,-0.01243781094527363
2023-05-08,20000,20225,19750,19875,189964,0.0012594458438286438
2023-05-09,19825,19925,18825,19025,404668,-0.04276729559748427
2023-05-10,19025,19075,18525,18600,207240,-0.0223390275952694
2023-05-11,18650,18900,18450,18450,170424,-0.008064516129032251
2023-05-12,18300,18525,18150,18350,160120,-0.005420054200542035
2023-05-15,18150,18225,17600,17950,252314,-0.021798365122615793
2023-05-16,18050,18375,18050,18275,138748,0.01810584958217265
2023-05-17,18300,18650,18150,18650,129236,0.020519835841313228
2023-05-18,18875,18900,18575,18725,102886,0.004021447721179516
2023-05-19,18925,18950,18700,18725,108772,0.0
2023-05-22,18725,19375,18500,19375,188324,0.03471295060080104
2023-05-23,19650,19875,19500,19675,205226,0.015483870967741842
2023-05-24,19875,20075,19550,20000,172918,0.016518424396442244
2023-05-25,20025,20050,19800,19800,99270,-0.010000000000000009
2023-05-26,19950,20000,19500,19550,130576,-0.012626262626262652
2023-05-30,19775,19875,19500,19850,110952,0.01534526854219953
2023-05-31,19875,20000,19675,19675,112464,-0.008816120906801062
2023-06-01,19425,19750,19350,19475,94590,-0.010165184243964398
2023-06-02,19575,19975,19475,19850,143908,0.019255455712451797
2023-06-05,19900,19925,19450,19875,155382,0.0012594458438286438
2023-06-07,19825,20000,19700,19950,144734,0.0037735849056603765
2023-06-08,19925,19925,19475,19525,154654,-0.02130325814536338
2023-06-09,19550,19950,19550,19925,162378,0.020486555697823317
2023-06-12,20000,20575,19950,20025,218916,0.005018820577164407
2023-06-13,20125,20200,19575,19650,295812,-0.01872659176029967
2023-06-14,19650,19650,18700,18950,466682,-0.03562340966921118
2023-06-15,18850,19050,18425,18775,300954,-0.00923482849604218
2023-06-16,18750,19375,18700,19300,223582,0.02796271637816239
2023-06-19,19450,19450,18800,19225,155950,-0.0038860103626943143
2023-06-20,19125,19300,18975,19175,103640,-0.002600780234070177
2023-06-21,19200,19250,18775,18800,100638,-0.019556714471968717
2023-06-22,18550,18875,18550,18675,80636,-0.0066489361702127825
2023-06-23,18700,18800,18525,18625,69502,-0.0026773761713521083
2023-06-26,18550,18650,18325,18650,129214,0.0013422818791946067
2023-06-27,18750,18800,18400,18725,128386,0.004021447721179516
2023-06-28,18800,18800,18300,18400,148940,-0.01735647530040052
2023-06-29,18275,18300,17750,17850,221286,-0.029891304347826053
2023-06-30,17750,18575,17750,18525,150338,0.037815126050420256
2023-07-03,18725,19025,18700,18875,187928,0.018893387314439902
2023-07-04,18800,19000,18500,18500,157634,-0.019867549668874163
2023-07-05,18500,19425,18475,19300,338428,0.043243243243243246
2023-07-06,19625,19625,18800,18925,222422,-0.01943005181347146
2023-07-07,18750,19100,18400,18600,153854,-0.017173051519154603
2023-07-10,18400,18500,17900,17900,227992,-0.037634408602150504
2023-07-11,17875,18200,17850,17975,131762,0.0041899441340782495
2023-07-12,18000,18300,17900,17950,150172,-0.0013908205841446364
2023-07-13,18200,18500,17725,17725,331214,-0.012534818941504211
2023-07-14,17850,17925,17050,17400,473400,-0.01833568406205921
2023-07-17,17450,17800,17200,17725,176756,0.018678160919540332
2023-07-18,17700,17775,16925,17075,473984,-0.03667136812411853
2023-07-19,17150,17200,16875,16950,286148,-0.007320644216691097
2023-07-20,16975,17750,16900,17475,313224,0.030973451327433565
2023-07-21,17225,17475,17050,17250,177316,-0.012875536480686733
2023-07-24,17075,17225,16600,16825,337008,-0.024637681159420333
2023-07-25,16875,17275,16275,16375,375314,-0.026745913818722156
2023-07-26,16800,19625,16750,18875,3769048,0.15267175572519087
2023-07-27,19425,19525,17500,17625,792630,-0.06622516556291391
2023-07-28,17625,17725,17025,17425,376670,-0.01134751773049647
2023-07-31,17250,18225,17250,17925,385802,0.02869440459110484
2023-08-01,17925,18075,17500,17650,286506,-0.015341701534170138
2023-08-02,17575,17575,16850,17025,325314,-0.03541076487252126
2023-08-03,16925,17225,16675,16800,244068,-0.013215859030836996
2023-08-04,16900,16975,16550,16875,143636,0.0044642857142858094
2023-08-07,16650,16975,16550,16800,177992,-0.004444444444444473
2023-08-08,17200,17200,16650,16725,135924,-0.004464285714285698
2023-08-09,16575,17000,16575,17000,112980,0.01644245142002987
2023-08-10,16775,16875,16625,16700,146800,-0.01764705882352946
2023-08-11,17475,18225,17275,17825,824670,0.06736526946107779
2023-08-14,18225,18700,17700,17775,456794,-0.0028050490883591017
2023-08-16,17425,17700,17000,17450,250346,-0.01828410689170179
2023-08-17,17150,17450,16850,17150,149010,-0.017191977077363862
2023-08-18,16950,17050,16450,16500,294226,-0.03790087463556846
2023-08-21,16350,16625,16350,16450,185666,-0.00303030303030305
2023-08-22,16475,16600,16300,16325,114628,-0.0075987841945288626
2023-08-23,16300,16350,15850,15875,187190,-0.027565084226646275
2023-08-24,16000,16150,15875,15875,80256,0.0
2023-08-25,15774,15925,15750,15800,91244,-0.0047244094488189115
2023-08-28,15975,16175,15750,16075,93824,0.017405063291139333
2023-08-29,16000,16250,15975,16125,108948,0.0031104199066873672
2023-08-30,16375,16375,16150,16175,61394,0.0031007751937983663
2023-08-31,16400,16400,16025,16350,102468,0.010819165378670892
2023-09-01,16099,16350,16050,16050,111522,-0.01834862385321101
2023-09-04,16050,16250,15900,16175,92816,0.007788161993769416
2023-09-05,16250,16250,15950,16025,104346,-0.009273570324574987
2023-09-06,16325,16650,16050,16125,185322,0.006240249609984483
2023-09-07,16375,16375,15900,15900,260276,-0.013953488372092981
2023-09-08,16725,17350,16100,16100,577102,0.012578616352201255
2023-09-11,16350,16350,15825,15875,180414,-0.013975155279503104
2023-09-12,15875,16025,15749,15900,101448,0.0015748031496063408
2023-09-13,15800,15900,15400,15400,165090,-0.03144654088050314
2023-09-14,15425,15600,15350,15450,118498,0.0032467532467532756
2023-09-15,15550,15675,15250,15275,193982,-0.01132686084142398
2023-09-18,15274,15274,15000,15000,213182,-0.018003273322422242
2023-09-19,15000,15125,14850,14850,164792,-0.010000000000000009
2023-09-20,14850,15050,14800,14850,93726,0.0
2023-09-21,14850,14850,14425,14450,161678,-0.026936026936026924
2023-09-22,14150,14475,14150,14400,111186,-0.0034602076124568004
2023-09-25,14175,14950,14175,14475,205612,0.005208333333333259
2023-09-26,14800,14850,14350,14475,90330,0.0
2023-09-27,14225,14700,14225,14575,87214,0.006908462867012188
2023-10-04,14450,14450,13525,13550,228966,-0.07032590051457976
2023-10-05,13575,13725,13525,13525,82394,-0.0018450184501844769
2023-10-06,13275,13575,13275,13300,106920,-0.01663585951940849
2023-10-10,13299,13450,13050,13050,95408,-0.018796992481203034
2023-10-11,13049,13350,13049,13300,82684,0.019157088122605304
2023-10-12,13300,13725,13300,13675,103328,0.02819548872180455
2023-10-13,13675,13675,13375,13425,60082,-0.018281535648994485
2023-10-16,13425,13425,12825,12950,117054,-0.035381750465549366
2023-10-17,13025,13275,13025,13250,63440,0.02316602316602312
2023-10-18,13250,13550,13099,13150,64696,-0.007547169811320753
2023-10-19,13100,13149,12650,12700,98988,-0.034220532319391594
2023-10-20,12400,12525,11925,12025,161394,-0.053149606299212615
2023-10-23,11775,12050,11600,11600,152216,-0.03534303534303529
2023-10-24,11375,12000,11350,11950,201924,0.030172413793103425
2023-10-25,12000,12100,11674,11800,99090,-0.012552301255230103
2023-10-26,11675,11725,10950,10975,245046,-0.06991525423728817
2023-10-27,10950,11525,10850,11425,214282,0.04100227790432798
2023-10-30,11175,11525,11175,11500,87842,0.006564551422319376
2023-10-31,11500,11500,10875,10950,167700,-0.047826086956521685
2023-11-01,10975,11125,10650,10650,143340,-0.0273972602739726
2023-11-02,10750,11175,10750,11175,167246,0.04929577464788726
2023-11-03,11375,11400,11075,11325,143444,0.01342281879194629
2023-11-06,11649,12125,11625,12075,330254,0.0662251655629138
2023-11-07,12125,12125,11550,11750,162066,-0.026915113871635588
2023-11-08,11800,12050,11800,11800,153196,0.004255319148936065
2023-11-09,11900,11900,11500,11525,98062,-0.02330508474576276
2023-11-10,11500,11500,11100,11250,115238,-0.02386117136659438
2023-11-13,11250,11450,11000,11050,92182,-0.01777777777777778
2023-11-14,11050,11400,11050,11325,68256,0.02488687782805421
2023-11-15,11725,11975,11475,11675,163784,0.030905077262693093
2023-11-16,11674,11825,11625,11800,53938,0.010706638115631772
2023-11-17,11825,11825,11450,11550,68264,-0.021186440677966156
2023-11-20,11549,11925,11549,11900,99078,0.030303030303030276
2023-11-21,11900,12125,11800,12125,187056,0.018907563025210017
2023-11-22,12099,12125,11874,12050,75016,-0.006185567010309256
2023-11-23,12000,12150,11950,11975,84372,-0.006224066390041472
2023-11-24,11975,12074,11900,11925,70372,-0.0041753653444676075
2023-11-27,12050,12050,11800,11850,61232,-0.0062893081761006275
2023-11-28,11974,11974,11800,11825,52060,-0.002109704641350185
2023-11-29,11875,12025,11750,11975,85508,0.012684989429175397
2023-11-30,11975,12225,11850,12050,127160,0.006263048016701411
2023-12-01,12250,12250,11875,12025,88538,-0.0020746887966804906
2023-12-04,12000,12124,11700,11875,153190,-0.012474012474012475
2023-12-05,11725,11974,11675,11825,67396,-0.004210526315789442
2023-12-06,11825,11900,11749,11825,54910,0.0
2023-12-07,11850,11850,11575,11675,122442,-0.012684989429175508
2023-12-08,11675,12125,11575,11900,184868,0.01927194860813697
2023-12-11,11975,12525,11849,12175,489066,0.02310924369747891
2023-12-12,12200,12300,11975,11975,109842,-0.01642710472279263
2023-12-13,12000,12075,11600,11600,138826,-0.03131524008350728
2023-12-14,11800,12000,11725,11900,105250,0.02586206896551735
2023-12-15,12175,12200,11675,11775,290478,-0.010504201680672232
2023-12-18,11800,11900,11425,11500,317278,-0.023354564755838636
2023-12-19,11400,11500,11075,11275,342084,-0.019565217391304346
2023-12-20,11225,11725,11200,11725,223886,0.039911308203991025
2023-12-21,11625,11650,11400,11500,90058,-0.019189765458422214
2023-12-22,13600,13975,12775,13150,2383996,0.14347826086956528
2023-12-26,13150,13225,12400,12600,473790,-0.041825095057034245
2023-12-27,12700,13200,12650,13050,325964,0.03571428571428581
2023-12-28,13075,13325,12875,13250,212476,0.015325670498084198
2024-01-02,13300,13475,13175,13350,223396,0.007547169811320753
2024-01-03,13350,13475,13175,13350,225724,0.0
2024-01-04,13225,13875,13225,13625,410144,0.020599250936329527
2024-01-05,13625,13675,13325,13500,404506,-0.00917431192660545
2024-01-08,14490,17410,14020,15380,1808517,0.1392592592592592
2024-01-09,15100,15100,14140,14600,264141,-0.05071521456436934
2024-01-10,14600,14600,13880,13910,172689,-0.047260273972602684
2024-01-11,13800,14190,13630,13660,175628,-0.017972681524083378
2024-01-12,13660,16730,13600,14710,1241231,0.0768667642752563
2024-01-15,14680,14700,13660,14230,146811,-0.03263086335825971
2024-01-16,14160,15950,14000,14970,717832,0.05200281096275483
2024-01-17,14970,14970,14390,14650,119472,-0.021376085504342
2024-01-18,14520,15030,14360,14690,111016,0.0027303754266212454
2024-01-19,14710,15500,14710,14790,161538,0.006807351940095296
2024-01-22,14860,14880,14200,14200,114167,-0.03989181879648407
2024-01-23,14100,14310,13810,13810,103395,-0.02746478873239433
2024-01-24,13700,13870,13430,13630,80687,-0.01303403330919628
2024-01-25,13510,13520,13280,13450,89718,-0.013206162876008842
2024-01-26,12830,13460,12520,13110,147473,-0.02527881040892188
2024-01-29,13110,13120,12640,12760,170915,-0.026697177726926036
2024-01-30,12310,12410,11620,11630,730576,-0.08855799373040751
2024-01-31,11660,11710,11170,11240,231809,-0.03353396388650043
2024-02-01,11150,11300,11010,11160,230907,-0.007117437722419906
2024-02-02,11210,11370,11140,11260,181318,0.008960573476702427
2024-02-05,11360,11360,11110,11260,99901,0.0
2024-02-06,11200,11480,11070,11420,106420,0.014209591474245054
2024-02-07,11350,11620,11350,11460,139555,0.003502626970227629
2024-02-08,11550,11600,11440,11470,111069,0.0008726003490402423
2024-02-13,11590,11590,11250,11350,147276,-0.010462074978204061
2024-02-14,11170,11420,11160,11330,84229,-0.0017621145374449032
2024-02-15,11380,11540,11350,11380,101528,0.0044130626654899086
2024-02-16,11580,12220,11490,12080,685219,0.06151142355008776
2024-02-19,12060,12110,11760,12010,190282,-0.005794701986754913
2024-02-20,11970,12930,11800,12890,586562,0.07327227310574513
2024-02-21,12890,13250,12560,13100,479916,0.01629169899146632
2024-02-22,13000,13150,12730,12830,209598,-0.02061068702290081
2024-02-23,12820,12920,12630,12640,138614,-0.014809041309431059
2024-02-26,12630,12640,12200,12300,146143,-0.026898734177215222
2024-02-27,12240,12400,12080,12100,98684,-0.016260162601625994
2024-02-28,12020,12240,11940,11950,134517,-0.012396694214875992
2024-02-29,11950,12280,11890,12100,158436,0.012552301255230214
2024-03-04,12200,13380,12130,12990,639616,0.07355371900826446
2024-03-05,13000,13210,12750,12790,330628,-0.015396458814472713
2024-03-06,12870,13100,12350,12400,256068,-0.030492572322126654
2024-03-07,12400,12640,12230,12500,188602,0.008064516129032251
2024-03-08,12610,12970,12530,12670,209173,0.013600000000000056
2024-03-11,12550,12810,12340,12740,150532,0.005524861878453136
2024-03-12,12740,13280,12740,13160,378580,0.03296703296703307
2024-03-13,13160,13220,12880,13180,187195,0.001519756838905817
2024-03-14,13170,13400,13060,13220,277875,0.003034901365705611
2024-03-15,13210,13930,12850,13400,715715,0.013615733736762392
2024-03-18,13600,13700,13300,13560,330933,0.011940298507462588
2024-03-19,13670,13890,13430,13640,314062,0.005899705014749346
2024-03-20,13600,13600,12900,12950,359114,-0.050586510263929574
2024-03-21,13060,13700,12930,13290,373572,0.026254826254826336
2024-03-22,13330,14300,13190,13620,789359,0.02483069977426644
2024-03-25,13620,14100,13370,13410,296227,-0.01541850220264318
2024-03-26,13370,13490,13000,13060,402995,-0.026099925428784476
2024-03-27,15250,16970,15040,16970,15576701,0.2993874425727412
2024-03-28,18090,19590,17220,17530,15695117,0.03299941072480839
2024-03-29,17190,17380,16500,16890,2202939,-0.03650884198516824
2024-04-01,16790,17290,16410,17060,1684328,0.010065127294256904
2024-04-02,17000,17730,16870,17210,2429028,0.008792497069167737
2024-04-03,16700,16960,15760,16260,1375106,-0.0552004648460197
2024-04-04,16700,17390,16510,16930,1519388,0.04120541205412054
2024-04-05,16930,16930,16110,16110,604511,-0.04843473124630837
2024-04-08,15850,15980,15050,15310,777494,-0.04965859714463061
2024-04-09,15500,19900,15120,19900,8157100,0.2998040496407577
2024-04-11,20750,21650,18660,19900,18236428,0.0
2024-04-12,21150,21700,19840,19910,7818393,0.0005025125628139726
2024-04-15,19000,19000,17800,17800,1228288,-0.10597689603214466
2024-04-16,17840,18250,17360,17400,801101,-0.022471910112359605
2024-04-17,17860,18650,17820,18550,924094,0.06609195402298851
2024-04-18,18440,20550,18010,19270,6281864,0.03881401617250679
2024-04-19,19040,19840,18120,18600,1972211,-0.0347690710949663
2024-04-22,18410,19050,18010,18250,1280711,-0.018817204301075252
2024-04-23,18250,18790,17640,17700,872676,-0.03013698630136985
2024-04-24,18210,20150,18070,19440,6988296,0.09830508474576272
2024-04-25,19220,19220,18070,18270,1535982,-0.06018518518518523
2024-04-26,18400,18750,18100,18100,879153,-0.009304871373836843
2024-04-29,18150,18690,17790,18570,824319,0.025966850828729182
2024-04-30,18760,18900,17790,17790,896837,-0.04200323101777059
2024-05-02,17730,18150,16910,16940,814708,-0.04777965148960095
2024-05-03,17040,17240,16590,17130,555047,0.011216056670602104
2024-05-07,17290,17290,16200,17090,529378,-0.0023350846468184194
2024-05-08,17000,18690,17000,17880,2336312,0.04622586307782339
2024-05-09,17720,18250,17210,18040,539563,0.008948545861297452
2024-05-10,18190,18190,17070,17150,618397,-0.049334811529933464
2024-05-13,17150,17260,16740,16770,319888,-0.02215743440233231
2024-05-14,16770,17030,16650,16690,275489,-0.004770423375074495
2024-05-16,16980,17290,16850,16850,290536,0.009586578789694489
2024-05-17,16930,16990,16310,16350,322227,-0.029673590504451064
2024-05-20,16370,16510,16010,16060,293901,-0.017737003058103995
2024-05-21,16060,16160,15860,16000,200161,-0.0037359900373599153
2024-05-22,16000,16940,15850,16440,479041,0.02750000000000008
2024-05-23,16380,16850,16100,16720,306515,0.017031630170316392
2024-05-24,16630,16630,16130,16150,233796,-0.03409090909090906
2024-05-27,16150,16230,15500,16180,395208,0.0018575851393189957
2024-05-28,16190,16930,16150,16790,496186,0.03770086526576022
2024-05-29,16960,17770,16570,17210,940042,0.02501488981536637
2024-05-30,17250,17970,17000,17610,760577,0.02324230098779778
2024-05-31,17530,17900,17130,17860,419362,0.014196479273140161
2024-06-03,18000,18300,17610,17610,494453,-0.013997760358342659
2024-06-04,17900,18090,17300,17380,344741,-0.01306076093128905
2024-06-05,17300,17700,17180,17200,270053,-0.010356731875719172
2024-06-07,17400,18830,16990,18270,1555808,0.06220930232558142
2024-06-10,18510,18630,18000,18050,772111,-0.012041598248494823
2024-06-11,18010,18550,17800,18190,635352,0.007756232686980669
2024-06-12,18410,18540,17400,17410,596817,-0.042880703683342514
2024-06-13,17580,18000,17260,17750,484722,0.019529006318207864
2024-06-14,17700,17700,17040,17040,365798,-0.040000000000000036
2024-06-17,17040,17140,16410,16410,340890,-0.0369718309859155
2024-06-18,16410,16600,15940,15940,424692,-0.02864107251675807
2024-06-19,15950,16460,15910,16340,249715,0.025094102885821812
2024-06-20,16470,16790,16060,16110,257826,-0.014075887392900888
2024-06-21,16070,16500,15950,16110,247071,0.0
2024-06-24,16140,16400,16000,16040,157763,-0.004345127250155234
2024-06-25,16110,16870,16110,16450,280862,0.025561097256857845
2024-06-26,16690,18310,16690,17910,2357990,0.08875379939209727
2024-06-27,17920,18590,17560,17920,941854,0.0005583472920156485
2024-06-28,18020,18350,17820,18240,553481,0.017857142857142794
2024-07-01,18480,23500,17650,23050,24991602,0.26370614035087714
2024-07-02,22650,22800,20300,20400,6318491,-0.11496746203904551
2024-07-03,20750,21500,19950,21000,7067110,0.02941176470588225
2024-07-04,20850,21350,20050,20350,2738213,-0.030952380952380953
2024-07-05,20250,21300,20100,20450,2369792,0.004914004914004844
2024-07-08,20450,21250,20350,20850,1169488,0.019559902200489088
2024-07-09,20850,21150,20200,20400,1013724,-0.021582733812949617
2024-07-10,20550,20900,19060,19140,2007999,-0.061764705882352944
2024-07-11,19130,19740,18870,19180,1116592,0.002089864158829613
2024-07-12,19000,19590,18560,18610,941679,-0.029718456725756015
2024-07-15,18700,19450,18360,18390,1041423,-0.01182160128962928
2024-07-16,18390,18590,17850,18190,801619,-0.010875475802066381
2024-07-17,18190,18270,17640,17640,644136,-0.030236393622869673
2024-07-18,16970,17300,16790,17290,624058,-0.019841269841269882
2024-07-19,17290,17700,17100,17470,403379,0.010410641989589298
2024-07-22,17460,17460,16300,16300,702701,-0.06697195191757299
2024-07-23,16450,16700,16090,16390,384305,0.005521472392638005
2024-07-24,16210,18000,16210,16870,1256474,0.029286150091519136
2024-07-25,16320,16640,16160,16210,501732,-0.03912270302311793
2024-07-26,16150,16340,15360,15370,710956,-0.051819864281307804
2024-07-29,15360,16140,15310,16080,416682,0.046193884189980494
2024-07-30,16080,16210,15560,15560,225566,-0.03233830845771146
2024-07-31,15480,15500,14760,15200,536652,-0.023136246786632397
2024-08-01,15500,15800,15250,15640,256357,0.02894736842105261
2024-08-02,15100,15270,14740,14880,441672,-0.04859335038363166
2024-08-05,14510,14530,11920,12590,813142,-0.15389784946236562
2024-08-06,12590,14140,12590,13740,601542,0.09134233518665602
2024-08-07,13400,13950,13400,13550,244624,-0.013828238719068464
2024-08-08,13360,13530,12900,13000,307432,-0.040590405904059046
2024-08-09,13300,13730,13300,13520,196728,0.040000000000000036
2024-08-12,13530,13900,13460,13740,158860,0.016272189349112454
2024-08-13,13740,13850,13380,13490,141301,-0.0181950509461426
2024-08-14,13890,14000,13620,13800,159645,0.022979985174203188
2024-08-16,14010,14150,13750,13830,239126,0.0021739130434783593
2024-08-19,14000,14000,12910,13050,348979,-0.05639913232104121
2024-08-20,13100,13420,12990,13330,266150,0.0214559386973181
2024-08-21,13100,13260,12950,13080,206141,-0.018754688672168007
2024-08-22,13200,13310,12950,13050,204262,-0.002293577981651418
2024-08-23,12990,13050,12620,13000,217993,-0.003831417624521105
2024-08-26,13030,13190,12860,13130,154349,0.010000000000000009
2024-08-27,13090,13230,12840,13070,107302,-0.004569687738004591
2024-08-28,13070,13130,12800,12820,166002,-0.01912777352716144
2024-08-29,12600,12870,12580,12820,165221,0.0
2024-08-30,12840,13030,12660,13030,204782,0.01638065522620913
2024-09-02,13020,13650,12910,13300,373992,0.020721412125863425
2024-09-03,13250,13440,13170,13230,171366,-0.0052631578947368585
2024-09-04,12460,12710,12350,12350,319787,-0.06651549508692367
2024-09-05,12310,12740,12010,12100,235768,-0.020242914979757054
2024-09-06,12060,12170,11600,11610,286326,-0.04049586776859504
2024-09-09,11220,11590,11220,11470,145412,-0.012058570198105079
2024-09-10,11480,11730,11200,11200,170672,-0.023539668700959027
2024-09-11,11310,11650,11310,11590,139473,0.03482142857142856
2024-09-12,11750,12030,11750,11990,135699,0.0345125107851596
2024-09-13,12040,12090,11790,12090,103781,0.008340283569641338
2024-09-19,12150,12220,11900,12140,151996,0.0041356492969395475
2024-09-20,12250,12380,11970,12070,135022,-0.005766062602965416
2024-09-23,12030,12390,11990,12200,129329,0.010770505385252704
2024-09-24,12240,12900,12240,12780,323147,0.04754098360655745
2024-09-25,12900,12980,12670,12670,146707,-0.008607198748043832
2024-09-26,12730,13170,12730,13170,171229,0.03946329913180735
2024-09-27,13190,13200,12970,13050,142850,-0.009111617312072884
2024-09-30,13050,13250,12500,12500,139968,-0.04214559386973182
2024-10-02,12440,12650,12020,12300,87950,-0.016000000000000014
2024-10-04,12170,12540,12150,12210,112479,-0.007317073170731714
2024-10-07,12210,14260,12180,12940,2000932,0.05978705978705978
2024-10-08,12810,13360,12810,13090,287907,0.011591962905718622
2024-10-10,13150,13390,12850,13390,261890,0.02291825821237592
2024-10-11,13390,13390,12800,12820,233487,-0.042569081404032816
2024-10-14,12680,13800,12560,13000,584667,0.014040561622464809
2024-10-15,13120,13300,12790,13010,209409,0.0007692307692308553
2024-10-16,13050,13100,12800,12900,106402,-0.008455034588777832
2024-10-17,12880,13070,12870,13070,99005,0.01317829457364339
2024-10-18,12950,13070,12560,12560,135475,-0.039020657995409325
2024-10-21,12560,12650,12410,12500,73895,-0.004777070063694322
2024-10-22,12530,12620,11980,12000,174295,-0.040000000000000036
2024-10-23,11950,12440,11950,12210,153750,0.01750000000000007
2024-10-24,12120,12200,11820,11850,152951,-0.029484029484029506
2024-10-25,12030,12250,11800,11800,126629,-0.00421940928270037
2024-10-28,11800,12150,11800,12100,83232,0.025423728813559254
2024-10-29,12100,12200,11980,12200,77116,0.008264462809917328
2024-10-30,12200,12300,11900,11900,96278,-0.024590163934426257
2024-10-31,11750,13210,11690,12560,733385,0.055462184873949605
2024-11-01,12380,12380,12110,12160,96032,-0.031847133757961776
2024-11-04,12160,12400,12110,12350,110533,0.015625
2024-11-05,12300,12440,12220,12340,74017,-0.0008097165991902688
2024-11-06,12370,12500,11860,11860,198805,-0.03889789303079416
2024-11-07,11850,11940,11100,11300,327964,-0.04721753794266437
2024-11-08,11300,11570,11020,11080,192386,-0.019469026548672552
2024-11-11,11160,11200,10520,10520,254248,-0.05054151624548742
2024-11-12,10450,10600,10200,10210,199563,-0.02946768060836502
2024-11-13,10000,10240,9700,9700,281798,-0.04995102840352594
2024-11-14,9700,9940,9490,9490,205527,-0.02164948453608251
2024-11-15,8820,9340,8760,9180,408405,-0.03266596417281353
2024-11-18,8970,9340,8920,9230,219294,0.005446623093681824
2024-11-19,9240,9350,9090,9320,108932,0.009750812567713929
2024-11-20,9230,9420,9200,9250,97453,-0.007510729613733891
2024-11-21,9200,9310,9150,9190,83816,-0.006486486486486531
2024-11-22,9170,9490,9160,9240,103458,0.005440696409140466
2024-11-25,9260,9610,9260,9540,127196,0.032467532467532534
2024-11-26,9600,9610,9450,9550,87425,0.0010482180293500676
2024-11-27,9640,9640,9050,9110,152448,-0.0460732984293194
2024-11-28,9010,9220,9010,9150,87511,0.004390779363337094
2024-11-29,9090,9200,8780,8780,175989,-0.040437158469945333
2024-12-02,8790,8960,8630,8630,126094,-0.017084282460136713
2024-12-03,8550,9020,8520,8990,98426,0.04171494785631524
2024-12-04,8700,8990,8600,8640,152112,-0.03893214682981094
2024-12-05,8590,8690,8300,8300,130766,-0.03935185185185186
2024-12-06,8260,8450,8100,8240,136357,-0.0072289156626506035
2024-12-09,8240,8240,7650,7660,287604,-0.07038834951456308
2024-12-10,7600,8280,7600,8030,215890,0.04830287206266326
2024-12-11,8050,8650,8010,8640,176558,0.07596513075965139
2024-12-12,8650,8830,8430,8770,104857,0.01504629629629628
2024-12-13,8690,8910,8670,8910,93740,0.015963511972634015
2024-12-16,8950,9220,8940,9180,149840,0.030303030303030276
2024-12-17,9230,9230,8950,9230,100324,0.005446623093681824
2024-12-18,9230,9240,9010,9080,82367,-0.01625135427952329
2024-12-19,8910,9000,8800,8930,61543,-0.016519823788546217
2024-12-20,8870,8980,8610,8680,96011,-0.027995520716685318
2024-12-23,8680,8850,8570,8820,56779,0.016129032258064502
2024-12-24,8730,8930,8530,8640,68927,-0.020408163265306145
2024-12-26,8690,8690,8240,8300,107664,-0.03935185185185186
2024-12-27,8190,8270,8010,8050,95230,-0.030120481927710885
2024-12-30,7900,8260,7900,8200,73353,0.01863354037267073
2025-01-02,8060,8240,8040,8180,89125,-0.0024390243902439046
2025-01-03,8110,8780,8110,8720,167800,0.0660146699266504
2025-01-06,8820,9250,8640,9250,220190,0.06077981651376141
2025-01-07,9350,9520,9210,9350,146939,0.0108108108108107
2025-01-08,9240,9560,9200,9520,170146,0.018181818181818077
2025-01-09,9550,9550,9100,9100,165826,-0.044117647058823484
2025-01-10,9200,9220,9050,9050,98351,-0.005494505494505475
2025-01-13,8940,9150,8910,8960,55745,-0.009944751381215422
2025-01-14,8890,9300,8840,9280,77231,0.03571428571428581
2025-01-15,9230,9380,9030,9040,86368,-0.025862068965517238
2025-01-16,9270,9370,9120,9250,78369,0.023230088495575174
2025-01-17,9250,9340,9100,9170,65350,-0.008648648648648671
2025-01-20,9300,11800,9300,11050,7815973,0.20501635768811344
2025-01-21,10960,11120,10240,10540,1291396,-0.0461538461538461
2025-01-22,10450,10630,10130,10550,650534,0.000948766603415585
2025-01-23,10340,10810,10140,10300,957667,-0.023696682464455
2025-01-24,10170,10280,9880,9880,380702,-0.04077669902912617
2025-01-31,9810,10120,9550,10050,314532,0.0172064777327936
2025-02-03,9820,9900,8920,8930,445477,-0.11144278606965174
2025-02-04,9010,9210,8820,8820,311348,-0.012318029115341522
2025-02-05,8860,9220,8860,9160,207404,0.038548752834467015
2025-02-06,9190,9410,9100,9380,253256,0.024017467248908186
2025-02-07,9300,9370,8660,9230,241665,-0.015991471215351827
2025-02-10,9140,9650,8880,9630,324220,0.04333694474539551
2025-02-11,9650,9660,9400,9530,168271,-0.010384215991692591
2025-02-12,9550,9770,9250,9360,203602,-0.01783840503672618
2025-02-13,9380,9600,9310,9570,171608,0.022435897435897356
2025-02-14,9750,9810,9510,9600,191787,0.0031347962382444194
2025-02-17,9590,10100,9500,10020,337861,0.043749999999999956
2025-02-18,10030,10200,9800,10010,271253,-0.0009980039920159944
2025-02-19,10040,10410,10040,10340,347289,0.03296703296703307
2025-02-20,10440,10440,10010,10280,267302,-0.005802707930367523
2025-02-21,10280,10460,10140,10270,301884,-0.0009727626459143934
2025-02-24,10090,10520,10010,10400,247961,0.012658227848101333
2025-02-25,10240,10420,10050,10100,176274,-0.028846153846153855
2025-02-26,10070,10260,9910,10230,158969,0.012871287128712883
2025-02-27,10190,10260,9890,9960,174865,-0.02639296187683282
2025-02-28,9850,9850,9290,9320,268601,-0.06425702811244982
2025-03-04,9320,9500,9050,9320,188593,0.0
2025-03-05,9320,9770,9320,9570,117039,0.02682403433476388
2025-03-06,9710,9850,9410,9510,120204,-0.006269592476489061
2025-03-07,9450,9750,9320,9500,100934,-0.001051524710830698
2025-03-10,9370,9740,9320,9500,84026,0.0
2025-03-11,9110,9370,9090,9240,102753,-0.027368421052631597
2025-03-12,9320,9400,9150,9220,89294,-0.0021645021645021467
2025-03-13,9230,9570,9150,9150,123872,-0.007592190889370909
2025-03-14,9370,9370,9110,9230,88725,0.008743169398907069
2025-03-17,9230,9300,9150,9290,86579,0.00650054171180936
2025-03-18,9290,9400,9190,9200,97293,-0.009687836383207804
2025-03-19,9200,9390,9140,9280,79322,0.008695652173912993
2025-03-20,9370,9420,9270,9310,74329,0.003232758620689724
2025-03-21,9300,9300,8800,8800,501156,-0.05477980665950588
2025-03-24,8820,8900,8510,8590,172276,-0.02386363636363631
2025-03-25,8590,8720,8400,8460,130308,-0.015133876600698537
2025-03-26,8800,8820,8490,8690,100927,0.027186761229314405
2025-03-27,8630,8670,8310,8400,98298,-0.03337169159953968
2025-03-28,8400,8430,8180,8220,114085,-0.021428571428571463
2025-03-31,7950,8100,7680,7690,149524,-0.06447688564476883
2025-04-01,7700,7900,7670,7690,85240,0.0
2025-04-02,7790,7840,7520,7570,93912,-0.015604681404421283
2025-04-03,7400,7570,7350,7360,82197,-0.02774108322324964
2025-04-04,7210,7670,7210,7500,142063,0.01902173913043481
2025-04-07,7220,7490,6840,6860,224641,-0.08533333333333337
2025-04-08,7010,7460,6960,7180,168277,0.04664723032069973
2025-04-09,7090,7250,6750,6800,207492,-0.05292479108635095
2025-04-10,7150,7640,7130,7490,168096,0.1014705882352942
2025-04-11,7330,7610,7270,7610,126499,0.01602136181575431
2025-04-14,7660,8000,7600,7650,211311,0.005256241787122251
2025-04-15,7720,7900,7620,7750,125840,0.013071895424836555
2025-04-16,7860,7950,7480,7600,134992,-0.01935483870967747
2025-04-17,7570,7710,7430,7650,74940,0.006578947368421018
2025-04-18,7800,7800,7600,7710,53440,0.007843137254901933
2025-04-21,7770,7790,7600,7660,57287,-0.006485084306095956
2025-04-22,7510,7680,7460,7610,75081,-0.00652741514360311
2025-04-23,7680,7990,7680,7980,153846,0.04862023653088032
2025-04-24,8050,8050,7880,7910,79478,-0.00877192982456143
2025-04-25,8100,8460,8010,8330,153579,0.053097345132743445
2025-04-28,9450,9850,8950,9100,1082209,0.09243697478991586
2025-04-29,9170,9190,8700,9070,215363,-0.003296703296703285
2025-04-30,8990,9070,8400,8540,233184,-0.058434399117971325
2025-05-02,8430,8540,8250,8440,119567,-0.011709601873536313
2025-05-07,8440,8490,8270,8320,70367,-0.014218009478673022
2025-05-08,8320,8490,8260,8420,97211,0.012019230769230838
2025-05-09,8440,8460,8060,8070,147233,-0.04156769596199528
2025-05-12,8170,8980,8170,8610,421904,0.06691449814126393
2025-05-13,8680,8840,8480,8590,137630,-0.0023228803716608404
2025-05-14,8600,8740,8410,8620,110388,0.0034924330616996624
2025-05-15,8530,8610,8240,8260,122569,-0.04176334106728541
2025-05-16,8330,8330,7970,8010,147169,-0.030266343825665842
2025-05-19,8000,8200,7680,7850,127493,-0.019975031210986316
2025-05-20,8000,8000,7690,7720,111688,-0.016560509554140124
2025-05-21,7750,7790,7480,7570,141029,-0.01943005181347146
2025-05-22,7450,7470,7240,7310,191812,-0.034346103038309095
2025-05-23,7310,7590,7150,7250,148542,-0.008207934336525335
2025-05-26,7260,7520,7250,7380,106154,0.017931034482758568
2025-05-27,7380,7410,7150,7280,92012,-0.013550135501354976
2025-05-28,7600,7960,7540,7910,341918,0.08653846153846145
2025-05-29,8100,8280,7830,8230,210793,0.04045512010113783
2025-05-30,8430,8900,8240,8580,302399,0.04252733900364514
2025-06-02,9900,10990,9400,9720,5463941,0.13286713286713292
2025-06-04,9550,9640,9210,9260,673739,-0.04732510288065839
2025-06-05,9250,9300,8960,9020,489875,-0.02591792656587477
2025-06-09,8750,8800,8510,8610,350410,-0.045454545454545414
2025-06-10,8670,8780,8440,8450,230293,-0.018583042973286834
2025-06-11,8530,8650,8480,8550,178483,0.01183431952662728
2025-06-12,8600,8840,8500,8560,250774,0.0011695906432749315
2025-06-13,8820,8830,8400,8490,310985,-0.008177570093457986
2025-06-16,8360,8370,8210,8300,138935,-0.0223792697290931
2025-06-17,8470,8490,8200,8260,184737,-0.004819277108433773
2025-06-18,8290,8430,8240,8300,98571,0.004842615012106588
2025-06-19,8390,8410,8160,8340,128607,0.004819277108433662
2025-06-20,8400,8690,8300,8570,464378,0.027577937649880147
2025-06-23,8370,8390,8150,8340,161761,-0.02683780630105015
2025-06-24,8490,8670,8100,8570,182757,0.027577937649880147
2025-06-25,8570,8670,8430,8470,138116,-0.011668611435239229
2025-06-26,8530,8550,8240,8380,117343,-0.010625737898465215
2025-06-27,8370,8380,8150,8200,120690,-0.021479713603818618
2025-06-30,8340,8340,8050,8110,116124,-0.01097560975609757
2025-07-01,8110,8280,8060,8170,113345,0.007398273736128225
2025-07-02,8180,8180,8000,8140,86561,-0.003671970624234966
2025-07-03,8150,8470,8150,8430,196508,0.03562653562653573
2025-07-04,8450,8480,8250,8300,115419,-0.01542111506524313
2025-07-07,8550,8850,8420,8500,405386,0.024096385542168752
2025-07-08,8400,8570,8310,8420,130392,-0.009411764705882342
2025-07-09,8510,8580,8390,8500,125188,0.009501187648456089
2025-07-10,8560,8630,8450,8610,152176,0.012941176470588234
2025-07-11,8730,8920,8610,8650,263663,0.004645760743321681
2025-07-14,8670,8680,8300,8370,186655,-0.032369942196531776
2025-07-15,8350,8410,8280,8400,120060,0.0035842293906809264
2025-07-16,8320,8400,8180,8200,132232,-0.023809523809523836
2025-07-17,8200,8250,8050,8250,107618,0.0060975609756097615
2025-07-18,8260,8670,8250,8560,286406,0.037575757575757596
2025-07-21,8620,9030,8560,8940,410557,0.04439252336448596
2025-07-22,8900,9000,8630,8670,211731,-0.030201342281879207
2025-07-23,8790,8830,8460,8710,178299,0.0046136101499423265
2025-07-24,8740,9040,8510,8840,409264,0.014925373134328401
2025-07-25,8860,8980,8620,8710,129449,-0.014705882352941124
2025-07-28,8800,8800,8570,8660,116002,-0.00574052812858783
2025-07-29,8580,8590,8430,8560,121543,-0.011547344110854452
2025-07-30,8530,8900,8480,8750,172032,0.02219626168224309
2025-07-31,8910,8910,8460,8610,168491,-0.016000000000000014
2025-08-01,8550,8650,8190,8280,156232,-0.0383275261324042
2025-08-04,8200,8370,8030,8200,107432,-0.009661835748792313
2025-08-05,8210,8690,8200,8640,224588,0.0536585365853659
2025-08-06,8540,9130,8540,8760,440495,0.01388888888888884
2025-08-07,8810,8830,8610,8760,101235,0.0
2025-08-08,8780,8830,8660,8700,122061,-0.006849315068493178
2025-08-11,8880,9400,8860,9280,699728,0.06666666666666665
2025-08-12,9200,9340,9110,9120,200780,-0.017241379310344862
2025-08-13,9320,9420,9090,9350,206002,0.025219298245614086
2025-08-14,9350,9480,9180,9340,192515,-0.0010695187165775666
2025-08-18,9390,9390,8970,9000,163551,-0.036402569593147804
2025-08-19,9070,9100,8810,8950,114085,-0.005555555555555536
2025-08-20,8770,8900,8615,8710,125109,-0.02681564245810053
2025-08-21,8800,8860,8630,8690,97441,-0.0022962112514350874
2025-08-22,8690,8790,8600,8740,96510,0.005753739930955071
2025-08-25,8930,8970,8760,8900,100863,0.01830663615560635
2025-08-26,8810,8990,8650,8650,117045,-0.028089887640449396
2025-08-27,8730,8730,8470,8490,139052,-0.018497109826589586
2025-08-28,8530,8530,8330,8390,112045,-0.011778563015312105
2025-08-29,8370,8420,7390,7450,619138,-0.11203814064362339
2025-09-01,7180,7480,7150,7290,159102,-0.02147651006711404
2025-09-02,7280,7380,7250,7380,65225,0.012345679012345734
2025-09-03,7660,7660,7440,7510,95649,0.017615176151761558
2025-09-04,7590,7830,7590,7640,100697,0.017310252996005415
2025-09-05,7710,7750,7530,7630,90350,-0.0013089005235602524
2025-09-08,7780,7870,7700,7780,85285,0.019659239842725995
2025-09-09,7790,7920,7690,7800,92053,0.0025706940874035134
2025-09-10,7800,7840,7700,7790,68587,-0.0012820512820512775
2025-09-11,7850,7850,7450,7730,101777,-0.007702182284980763
2025-09-12,7830,7920,7770,7770,102379,0.005174644243208348
2025-09-15,7840,7870,7700,7700,120632,-0.009009009009009028
2025-09-16,7700,7800,7680,7680,165779,-0.0025974025974025983
2025-09-17,7830,8160,7700,8000,272171,0.04166666666666674
2025-09-18,8090,8180,7890,8140,115209,0.01750000000000007
2025-09-19,8170,8245,8030,8170,109773,0.0036855036855036882
2025-09-22,8090,8180,7820,7930,140448,-0.02937576499388006
2025-09-23,7930,7980,7830,7960,73894,0.003783102143757988
2025-09-24,7960,7960,7720,7810,78074,-0.018844221105527637
2025-09-25,7730,7990,7730,7890,72157,0.010243277848911658
2025-09-26,7980,7980,7670,7760,101436,-0.016476552598225558
2025-09-29,7680,7810,7660,7730,51859,-0.0038659793814432852
2025-09-30,7730,7810,7650,7660,50047,-0.009055627425614499
2025-10-01,7660,7750,7630,7630,43173,-0.003916449086161844
2025-10-02,7650,7850,7640,7700,95715,0.00917431192660545
2025-10-10,7920,7920,7540,7610,193373,-0.011688311688311637
2025-10-13,7390,7740,7360,7700,117011,0.01182654402102501
2025-10-14,7790,8000,7660,7860,215663,0.020779220779220786
2025-10-15,7910,8030,7770,8000,124776,0.01781170483460559
2025-10-16,8040,8680,8000,8610,485268,0.07624999999999993
2025-10-17,8520,9070,8480,8920,479566,0.03600464576074325
2025-10-20,8830,8840,8560,8760,218009,-0.017937219730941756
2025-10-21,8680,9190,8620,8860,298070,0.011415525114155223
2025-10-22,9010,9080,8730,8870,183122,0.0011286681715576563
2025-10-23,8770,9010,8690,8760,127024,-0.012401352874859106
2025-10-24,8720,9390,8700,9270,437541,0.05821917808219168
2025-10-27,9570,9580,9020,9110,337273,-0.017259978425027023
2025-10-28,9110,9280,8810,9280,224972,0.01866081229418226
2025-10-29,9940,9940,9380,9480,875762,0.02155172413793105
2025-10-30,9320,9550,9110,9200,264768,-0.029535864978902926
2025-10-31,9320,9500,9100,9180,237037,-0.0021739130434782483
2025-11-03,9430,9750,9320,9590,326811,0.04466230936819171
2025-11-04,9760,10050,9630,9900,402588,0.03232533889468203
2025-11-05,9650,9690,8810,9110,317533,-0.07979797979797976
2025-11-06,9270,9350,8900,8950,197738,-0.01756311745334793
2025-11-07,8730,8840,8170,8390,287252,-0.06256983240223468
2025-11-10,8390,9830,8150,9470,686119,0.12872467222884376
2025-11-11,9510,9640,8990,9150,346001,-0.03379091869060191
2025-11-12,10530,11890,9960,11890,7895089,0.2994535519125683
2025-11-13,11590,11700,10860,10970,3993634,-0.07737594617325483
2025-11-14,10550,10630,10260,10470,1000587,-0.04557885141294438
2025-11-17,10660,10790,10080,10150,742158,-0.030563514804202496
2025-11-18,10400,10430,9520,9520,651692,-0.06206896551724139
2025-11-19,9600,9650,9010,9080,571329,-0.04621848739495793
2025-11-20,9310,9880,9310,9560,703460,0.052863436123347984
2025-11-21,8980,9170,8770,8800,476906,-0.07949790794979084
2025-11-24,8930,9010,8230,8230,1393152,-0.06477272727272732
2025-11-25,8430,8450,7950,8000,533174,-0.027946537059538312
2025-11-26,9150,9500,8430,8500,2274739,0.0625
2025-11-27,8600,8600,8220,8390,400027,-0.012941176470588234
2025-11-28,8650,8660,8370,8540,300706,0.017878426698450633
2025-12-01,8620,8770,8480,8540,306261,0.0
2025-12-02,8550,8570,8320,8490,243844,-0.005854800936768156
2025-12-03,8540,8550,8140,8290,443529,-0.02355712603062421
2025-12-04,8300,8300,8010,8040,268468,-0.030156815440289475
2025-12-05,8080,8140,8010,8070,164230,0.003731343283582156
2025-12-08,8100,8280,8070,8280,240931,0.026022304832713727
2025-12-09,8230,8330,8120,8210,216052,-0.008454106280193274
2025-12-10,8290,8380,8080,8100,286731,-0.013398294762484775
2025-12-11,8180,8180,8050,8060,130804,-0.004938271604938316
2025-12-12,8080,8120,8000,8110,257742,0.006203473945409321
2025-12-15,8020,8120,7910,8010,142697,-0.012330456226880449
2025-12-16,8060,8060,7730,7800,328153,-0.02621722846441943
2025-12-17,7860,8000,7710,7740,137917,-0.007692307692307665
2025-12-18,7600,7700,7420,7510,200145,-0.029715762273901825
2025-12-19,7540,7570,7350,7490,201713,-0.0026631158455392434
2025-12-22,7570,7710,7520,7630,118184,0.01869158878504673
2025-12-23,7790,7790,7470,7570,164645,-0.007863695937090465
2025-12-24,7570,7630,7520,7550,99897,-0.0026420079260237594
2025-12-26,7640,7640,7430,7490,147831,-0.007947019867549643
2025-12-29,7500,7520,7400,7460,120552,-0.004005340453938633
2025-12-30,7500,7500,7260,7300,182093,-0.02144772117962468
2026-01-02,7250,7300,7100,7110,259055,-0.02602739726027392
2026-01-05,7120,7410,7110,7330,227140,0.030942334739803012
2026-01-06,7470,7490,7320,7400,180478,0.009549795361528002
2026-01-07,7390,7400,7100,7160,210795,-0.032432432432432434
2026-01-08,7120,7150,6940,6980,292887,-0.025139664804469275
2026-01-09,6990,7060,6880,7060,152069,0.011461318051575908
2026-01-12,6930,7340,6930,7340,251766,0.03966005665722383
2026-01-13,7360,7380,7100,7270,265243,-0.009536784741144388
2026-01-14,7290,7310,7000,7200,249568,-0.009628610729023435
2026-01-15,7170,7240,7060,7240,187850,0.005555555555555536
2026-01-16,7260,7370,7130,7150,173792,-0.012430939226519389
2026-01-19,7160,7460,7070,7410,349269,0.036363636363636376
2026-01-20,7570,7700,7400,7540,316824,0.01754385964912286
2026-01-21,7450,7460,7180,7450,264736,-0.011936339522546469
2026-01-22,7500,7910,7500,7870,600244,0.05637583892617459
2026-01-23,8150,8150,7620,7800,378037,-0.008894536213468918
2026-01-26,8000,8100,7800,8010,474843,0.026923076923076827
2026-01-27,7900,8060,7820,7950,278343,-0.0074906367041198685
2026-01-28,8040,8390,7990,8300,650295,0.04402515723270439
2026-01-29,8590,8660,8070,8600,635586,0.03614457831325302
2026-01-30,8540,8690,8100,8150,382388,-0.05232558139534882
2026-02-02,7880,8170,7660,7680,393346,-0.05766871165644172
2026-02-03,7860,8030,7690,8020,245588,0.04427083333333326
2026-02-04,7990,8340,7930,8300,264550,0.034912718204488824
2026-02-05,8180,8300,7900,7950,201675,-0.04216867469879515
2026-02-06,7920,7920,7390,7750,259231,-0.02515723270440251
2026-02-09,9170,9430,8735,8980,2796689,0.15870967741935482
2026-02-10,9370,9380,8790,8920,791619,-0.006681514476614692
2026-02-11,9250,9300,8950,9120,527746,0.022421524663677195
2026-02-12,9270,9270,9010,9150,385755,0.00328947368421062
2026-02-13,9120,9200,8900,9000,323940,-0.016393442622950838
2026-02-19,9120,9640,9070,9490,640247,0.05444444444444452
2026-02-20,9320,9420,9150,9170,331749,-0.0337197049525817
2026-02-23,9240,9250,8830,8880,347626,-0.031624863685932425
2026-02-24,8850,9190,8850,9030,302278,0.016891891891891886
2026-02-25,9150,9170,8920,8940,290744,-0.009966777408637828
2026-02-26,9060,9150,8900,8900,248695,-0.004474272930648726
2026-02-27,8800,8990,8740,8950,213984,0.00561797752808979
2026-03-03,8660,9060,8090,8330,385749,-0.06927374301675981
2026-03-04,7800,8100,7080,7090,692842,-0.14885954381752697
2026-03-05,7400,8120,7400,7950,368173,0.12129760225669961
2026-03-06,7800,8480,7740,8380,306401,0.0540880503144654
2026-03-09,8060,8060,7550,7860,287593,-0.06205250596658707
2026-03-10,8160,8260,8030,8210,210697,0.04452926208651409
2026-03-11,8260,8560,8130,8290,257747,0.00974421437271622
2026-03-12,8160,8870,8160,8750,312606,0.055488540410132625
2026-03-13,8390,8690,8290,8430,256045,-0.03657142857142859
2026-03-16,8150,8530,8110,8110,158161,-0.037959667852906276
2026-03-17,8380,8550,8280,8380,170642,0.03329223181257701
2026-03-18,8470,8590,8270,8400,143886,0.0023866348448686736
2026-03-19,8200,8290,8170,8180,88188,-0.02619047619047621
2026-03-20,8210,8900,8210,8670,455617,0.059902200488997526
2026-03-23,9050,9050,8530,8530,361663,-0.016147635524798143
2026-03-24,8890,9150,8600,8870,352256,0.0398593200468933
2026-03-25,9000,10200,8960,9900,1605712,0.1161217587373169
2026-03-26,10090,10100,9200,9250,651936,-0.06565656565656564
2026-03-27,8990,9410,8720,9260,345770,0.00108108108108107
2026-03-30,9000,9410,8830,9130,261559,-0.01403887688984884
2026-03-31,9210,9320,8850,8850,306415,-0.03066812705366917
2026-04-01,9200,9300,9030,9250,315028,0.04519774011299438
2026-04-02,9530,9810,8960,9090,587792,-0.017297297297297343
2026-04-03,9290,9380,8970,9140,215939,0.005500550055005604
2026-04-06,9190,9590,9070,9160,267595,0.002188183807439792
2026-04-07,9260,9750,9110,9160,465945,0.0
2026-04-08,9590,9590,9240,9510,285311,0.03820960698689957
2026-04-09,9490,9530,9270,9270,186385,-0.025236593059936863
2026-04-10,9320,9800,9280,9690,484843,0.0453074433656957
2026-04-13,9620,9870,9500,9680,272403,-0.0010319917440660964
2026-04-14,9860,9890,9510,9680,251583,0.0
2026-04-15,9800,10580,9660,10400,943182,0.07438016528925617
2026-04-16,10690,10700,10060,10450,414272,0.004807692307692291
2026-04-17,10400,10990,10200,10730,425639,0.026794258373205704
2026-04-20,11030,11180,10760,11010,545188,0.026095060577819185
2026-04-21,11500,14300,11300,13880,5072608,0.2606721162579473
2026-04-22,14610,14620,12610,13500,2804463,-0.02737752161383289
2026-04-23,14430,16900,14430,15500,7544638,0.14814814814814814
2026-04-24,15800,16080,14700,16030,2101870,0.03419354838709676
2026-04-27,15610,15610,15110,15600,1012968,-0.02682470368059886
2026-04-28,15930,16250,15800,16150,1003117,0.03525641025641035
2026-04-29,15900,15900,15080,15430,980524,-0.04458204334365323
2026-04-30,14870,14920,13090,13090,3202972,-0.15165262475696695
2026-05-04,13540,14060,13370,13660,1149372,0.04354469060351418
2026-05-06,14040,14090,12960,13320,800531,-0.024890190336749662
2026-05-07,13650,14010,13310,13360,501609,0.0030030030030030463
2026-05-08,13560,13560,12800,12940,440522,-0.03143712574850299
2026-05-11,13060,13190,12130,12280,798550,-0.051004636785162316
2026-05-12,12070,12230,11200,11690,770716,-0.048045602605863214
2026-05-13,11760,11760,11100,11350,390254,-0.029084687767322537
2026-05-14,12220,12300,11580,12060,575848,0.06255506607929506
2026-05-15,11900,12220,10810,11110,444171,-0.0787728026533997
2026-05-18,10820,11250,10400,11130,353994,0.0018001800180018623
2026-05-19,11350,11350,10400,10620,342880,-0.04582210242587603
2026-05-20,10510,10560,9880,10050,380281,-0.053672316384180796
2026-05-21,10330,10740,10220,10740,258107,0.06865671641791038
2026-05-22,11080,11670,10910,11460,332111,0.06703910614525133
2026-05-26,11500,11590,10920,10920,417778,-0.04712041884816753
2026-05-27,9800,10080,9400,9500,1014129,-0.13003663003663002
2026-05-28,9600,9670,8800,9300,700466,-0.021052631578947323
2026-05-29,9180,12090,8880,11690,3031670,0.25698924731182804
